tree
version=v4
num_class=1
num_tree_per_iteration=1
label_index=0
max_feature_idx=39
objective=binary sigmoid:1
feature_names=adx_14 rsi_14 macd atr_14 h1_adx h1_trend_strength plus_di minus_di er bbw bbw_pct hurst mm ema20_dist_atr body_ratio pullback_depth atr_pct spread_num spread_atr donchian_q dev_z_ema20 dev_z_ema60 dev_z_ema200 macd_slope3 body_wick_ratio extreme_reversal di_ratio di_net spread_atr_log close_mom_atr trend_aligned session_asia session_eu session_us event_proximity_min macro_risk_score sentiment_risk_score ds_fake_prob ds_sl_coeff ds_continuity
feature_infos=[0.067060184377794499:74.617158132852552] [22.70456198403572:83.674456751310089] [-2.2385174226511984:6.0019588711905509] [3.5556382064233452:111.95295498057295] [11.402173742662027:56.728022331625752] [0.1140217374266202:0.56728022331625749] [0.59920722545621785:35.82580022339237] [0.397859668851131:28.990571249644844] [0.0018105009052625:0.97162138778333296] [0.0022474456476444002:0.022983243230727399] [0.83333333333333337:99.166666666666686] [0.56962557001860947:0.7867715529502356] [-0.96433375007852717:0.91552254606036521] [0.00031025813951469997:1.8785394291371349] [0.00023889154323369999:0.89643463497457843] [0.0013305956450303999:4.4130652286131626] [0.83333333333333337:100] [17:25] [0.17864646809430421:5.6248692467837484] [0.0055701686523376001:0.99990960043392418] [-2.6193917732764862:3.218150099213346] [-3.0793600609755072:3.740213003578607] [-2.7020259913065163:3.9768143111378849] [-2.8530807095129678:4.6220277750857699] [0.094017094017002603:12479.999999727515] [-1:1] [0.14536278880932316:6.4595465368312626] [-0.74617145846624133:0.73188752470644658] [0.16436671916263187:1.8908306353429933] [-0.25850111514484631:0.21528599296238585] none [0:1] [0:1] [0:1] [123.98996941666664:26704.995235800001] [12:18] [3:15] none none none
tree_sizes=1063 1401 1413 1398 1401 1506 1496 1388 1403 1296 1407 1516 1303 1406 1407

Tree=0
num_leaves=9
num_cat=0
split_feature=32 21 22 22 22 0 0 0
split_gain=290.571 81.4651 98.5935 69.6693 17.38 3.55271e-15 1.77636e-15 1.77636e-15
threshold=1.0000000180025095e-35 0.81942896317938752 -0.75732709202823489 0.54505304180166447 -0.10572321810797089 26.770783477718705 31.934010204848089 37.046595850785664
decision_type=2 2 2 2 2 2 2 2
left_child=1 2 6 4 -2 -3 -1 -7
right_child=3 5 -4 -5 -6 7 -8 -9
leaf_value=-1.6642593143885831 -1.3944996493530906 -1.6642593155422045 -1.4032906831930592 -1.5029678874551253 -1.3094690270457541 -1.6642593154720731 -1.6642593154720731 -1.6642593154466063
leaf_weight=2.4808493107557288 9.1023056134581584 7.9442926794290569 9.4089274257421511 8.4575512036681157 17.686505399644375 3.4007147625088674 3.4007147625088692 4.9895732998847961
leaf_count=25 33 57 31 39 25 25 25 37
internal_value=-1.47659 -1.58662 -1.50367 -1.37786 -1.33836 -1.66426 -1.66426 -1.66426
internal_weight=66.8714 31.6251 15.2905 35.2464 26.7888 16.3346 5.88156 8.39029
internal_count=297 200 81 97 58 119 50 62
is_linear=0
shrinkage=1


Tree=1
num_leaves=12
num_cat=0
split_feature=19 31 3 18 6 10 32 4 9 0 14
split_gain=220.815 151.49 41.2552 28.2146 15.7716 12.048 0.0020127 0.000563465 0.000380542 1.77636e-15 1.77636e-15
threshold=0.90993794372948644 1.0000000180025095e-35 30.694265234899586 1.1495168243127121 3.9199142407593768 57.916666666666671 1.0000000180025095e-35 23.643702828131932 0.004602134886199251 37.046595850785664 0.053953439939636104
decision_type=2 2 2 2 2 2 2 2 2 2 2
left_child=1 2 4 7 -1 -4 8 -3 -2 -10 -9
right_child=6 3 5 -5 -6 -7 -8 10 9 -11 -12
leaf_value=0.16207859982365677 -0.060143570716788365 -0.060398647361322291 0.17928253954304074 0.090668607957611905 0.014336155988759425 0.23944085286389277 -0.061123446550444605 -0.059466541932537156 -0.059466542172355231 -0.059466542142141914 -0.059466542136494577
leaf_weight=3.6620993912219992 2.6412163376808158 2.3980378955602628 12.411368452012537 5.3826195895671844 3.5646726861596107 25.263587266206741 2.6795766949653617 2.1415882259607315 6.290915369987486 3.3997712880373001 2.8643742352724075
leaf_count=11 19 17 33 25 29 31 18 19 47 26 22
internal_value=0.110943 0.155394 0.198632 0.00355912 0.0892033 0.219623 -0.0598814 -0.0597684 -0.0596115 -0.0594665 -0.0594665
internal_weight=72.6998 57.6883 44.9017 12.7866 7.22677 37.675 15.0115 7.404 12.3319 9.69069 5.00596
internal_count=297 187 104 83 40 64 110 58 92 73 41
is_linear=0
shrinkage=0.05


Tree=2
num_leaves=12
num_cat=0
split_feature=22 22 20 7 23 31 22 31 24 12 10
split_gain=163.116 119.519 109.919 11.7012 11.4004 0.00575178 0.00543256 0.00572336 0.000254338 5.51205e-06 8.49419e-09
threshold=0.79146106792959725 -0.75732709202823489 0.23457049241782538 1.8660279155942427 -1.4748253876233053 1.0000000180025095e-35 1.683885736168572 1.0000000180025095e-35 11.217389622447046 0.12969837058742548 49.583333333333336
decision_type=2 2 2 2 2 2 2 2 2 2 2
left_child=1 4 -2 -3 -1 -6 7 -4 -8 10 -10
right_child=2 3 6 -5 5 -7 8 -9 9 -11 -12
leaf_value=0.078379766918889482 0.19860594741473334 0.19804935584906902 -0.061897773198768817 0.14189178573574424 -0.062536886890215138 -0.059410303759399846 -0.059462803215552112 -0.059139821979755106 -0.058920013431327134 -0.059005218279809341 -0.058916276220152677
leaf_weight=1.9369537681341169 5.1920619159936932 30.963268131017685 4.6191593408584621 13.24321838095784 2.4111497402191144 3.7723662108182907 3.2142713442444792 3.173527792096138 3.7256988137960416 2.5840249210596085 2.5686970204114914
leaf_count=8 8 34 30 39 26 32 26 25 29 20 20
internal_value=0.0985912 0.148839 -0.00625582 0.181226 -0.027472 -0.0606295 -0.0597451 -0.0607746 -0.0590817 -0.0589437 -0.0589185
internal_weight=77.4044 52.327 25.0774 44.2065 8.12047 6.18352 19.8854 7.79269 12.0927 8.87842 6.2944
internal_count=297 139 158 73 66 58 150 55 95 69 49
is_linear=0
shrinkage=0.05


Tree=3
num_leaves=12
num_cat=0
split_feature=16 19 7 3 34 32 1 22 20 8 22
split_gain=149.88 131.796 60.7968 35.7053 2.57087 0.0166309 0.0038465 0.00193247 0.00155328 8.35159e-05 3.73275e-05
threshold=35.416666666666679 0.90993794372948644 4.5194625451442958 17.310125429474386 2856.7570243333339 1.0000000180025095e-35 42.499519952129098 1.683885736168572 0.4578638786565235 0.24246032617410207 2.1621636472093893
decision_type=2 2 2 2 2 2 2 2 2 2 2
left_child=5 2 4 6 -2 8 -4 -3 -1 -10 -9
right_child=1 7 3 -5 -6 -7 -8 10 9 -11 -12
leaf_value=-0.059805298110452626 0.18121278187103648 -0.060113392927443755 -0.060519612098644808 0.12236023506930159 0.15753118946556169 -0.063089647819511041 -0.063355643054810062 -0.058659106547159168 -0.058761917149278919 -0.058406738241292194 -0.058407600626842318
leaf_weight=3.5333849973976594 28.37770189344883 2.6555893421173078 2.4424127936363202 5.8349854722619057 19.223981715738773 3.112599588930606 2.3420718833804131 2.3843806833028793 2.5245520025491714 4.8054731860756874 3.8693049848079681
leaf_count=33 28 19 22 18 27 22 18 19 20 39 32
internal_value=0.0890971 0.12011 0.147516 0.0393403 0.171649 -0.0598674 -0.0619079 -0.0589834 -0.0589442 -0.0585291 -0.0585035
internal_weight=81.1064 67.1304 58.2212 10.6195 47.6017 13.976 4.78448 8.90928 10.8634 7.33003 6.25369
internal_count=297 183 113 58 55 114 40 70 92 59 51
is_linear=0
shrinkage=0.05


Tree=4
num_leaves=12
num_cat=0
split_feature=16 19 3 15 0 31 22 0 23 22 22
split_gain=126.841 108.367 47.4786 18.8184 5.008 0.0136146 0.00161732 0.00138583 0.000128459 3.14262e-05 3.58428e-08
threshold=35.416666666666679 0.90993794372948644 17.310125429474386 1.1240866743356184 24.953153219817953 1.0000000180025095e-35 1.683885736168572 16.209672959476663 0.056285507388167406 2.1621636472093893 1.4188413183227109
decision_type=2 2 2 2 2 2 2 2 2 2 2
left_child=5 2 3 -2 -4 -1 -3 -7 -9 -8 -10
right_child=1 6 4 -5 -6 7 9 8 10 -11 -12
leaf_value=-0.062098225215638903 0.10060358455628567 -0.059523637419773345 0.15859507129743444 -0.061071804945946967 0.12692355276692835 -0.059506991304789085 -0.058166251470230905 -0.058339788892222459 -0.057921590976390339 -0.057930599884228363 -0.057930235328686741
leaf_weight=3.2759628444910023 3.2644308656454077 2.5504668205976468 35.380211889743805 4.0116710476577282 19.284823954105377 2.1823270916938782 2.2868232950568199 3.0474525988101959 2.0778487510979176 3.7101337723433971 2.8356771022081375
leaf_count=27 10 19 33 35 35 18 19 25 20 32 24
internal_value=0.0815987 0.108422 0.131451 0.011464 0.147422 -0.0592958 -0.058469 -0.0583907 -0.0580848 -0.0580205 -0.0579266
internal_weight=83.9078 70.4886 61.9411 7.2761 54.665 13.4193 8.54742 10.1433 7.96098 5.99696 4.91353
internal_count=297 183 113 45 68 114 70 87 69 51 44
is_linear=0
shrinkage=0.05


Tree=5
num_leaves=13
num_cat=0
split_feature=16 22 24 34 7 15 32 34 0 23 34 11
split_gain=109.249 80.1268 36.3499 11.2809 13.2377 4.94082 0.0115786 0.00285542 0.00147076 0.000135059 8.26825e-06 1.71917e-06
threshold=35.416666666666679 1.6443303195639469 2.3514822040349062 2909.7572205916672 1.5391071193261034 0.1473890254118311 1.0000000180025095e-35 2644.7737477416672 11.873997147973187 0.056285507388167406 2437.3739674500007 0.74435761068777351
decision_type=2 2 2 2 2 2 2 2 2 2 2 2
left_child=6 2 -2 5 -5 -4 8 10 -1 -10 -3 -11
right_child=1 7 3 4 -6 -7 -8 -9 9 11 -12 -13
leaf_value=-0.059237227642000068 -0.062762350271156328 -0.057482091880707756 0.11115623040779302 0.138237605402281 0.040311076135324843 0.14585047982492602 -0.061552370671601901 -0.059652408801011442 -0.057915687325936729 -0.057540194920904168 -0.057612381111716661 -0.057478566462595408
leaf_weight=1.8313210085034359 2.7086357548832884 2.6040880903601638 14.594876050949095 6.2983187437057477 7.6339710243046284 34.564476571977139 2.8853834681212893 2.3874026611447334 3.3080562576651555 1.7970707863569257 2.2872003689408302 3.0559059083461761
leaf_count=15 21 23 25 5 36 33 22 20 30 17 20 30
internal_value=0.0755189 0.0991815 0.116595 0.124295 0.0845804 0.13555 -0.0587623 -0.0582349 -0.0579567 -0.0576693 -0.057543 -0.0575014
internal_weight=85.9567 73.079 65.8003 63.0916 13.9323 49.1594 12.8777 7.27869 9.99235 8.16103 4.89129 4.85298
internal_count=297 183 120 99 41 58 114 63 92 77 43 47
is_linear=0
shrinkage=0.05


Tree=6
num_leaves=13
num_cat=0
split_feature=19 16 13 23 7 4 34 15 22 34 34 10
split_gain=96.5113 70.8798 26.5884 28.8485 9.30446 5.09605 0.726684 0.00592783 0.00424832 0.0015435 2.37861e-05 5.1875e-09
threshold=0.90993794372948644 38.750000000000007 0.18142252779146623 -0.41343864622797305 1.2484392788303251 20.862870560910533 2842.3404962166674 1.509456203539336 1.683885736168572 529.89890625833345 2484.9906237916671 44.583333333333336
decision_type=2 2 2 2 2 2 2 2 2 2 2 2
left_child=1 4 6 -4 -1 -5 -3 9 -2 -6 11 -10
right_child=8 2 3 5 7 -7 -8 -9 10 -11 -12 -13
leaf_value=0.059791079902575088 -0.059038364556368218 0.13446198719027475 0.11356350673326039 0.022152893313915539 -0.05944612898927152 -0.065056301139682929 0.12236271311345569 -0.06124472040895558 -0.057065339477471805 -0.057626160802519227 -0.05725536364886781 -0.05706228706483886
leaf_weight=2.0948421657085401 4.4607729315757743 25.532953321933746 8.7015870139002747 3.1449510902166393 1.6930926889181135 3.5842578522861004 24.145240724086761 2.2530429325997829 3.5799103677272779 3.7348485477268696 2.2516764961183071 2.2773834317922592
leaf_count=7 35 21 20 15 13 25 26 21 33 39 21 21
internal_value=0.070405 0.0919246 0.110774 0.0534434 -0.0336142 -0.0242984 0.128581 -0.0590888 -0.057799 -0.0581938 -0.0571172 -0.0570642
internal_weight=87.4546 74.8848 65.109 15.4308 9.77583 6.72921 49.6782 7.68098 12.5697 5.42794 8.10897 5.85729
internal_count=297 187 107 60 80 40 47 73 110 52 75 54
is_linear=0
shrinkage=0.05


Tree=7
num_leaves=12
num_cat=0
split_feature=19 16 26 18 10 10 0 22 4 34 10
split_gain=85.0699 56.9918 26.4225 19.8338 14.8267 0.396431 0.00696126 0.00357891 0.00269116 2.01008e-05 4.375e-09
threshold=0.90993794372948644 41.250000000000007 2.8604700065416311 0.79118666826568551 31.250000000000004 66.250000000000014 17.517228200716392 1.683885736168572 30.000524261181678 2484.9906237916671 44.583333333333336
decision_type=2 2 2 2 2 2 2 2 2 2 2
left_child=1 2 6 5 -5 -3 -1 -2 -8 10 -9
right_child=7 3 -4 4 -6 -7 8 9 -10 -11 -12
leaf_value=-0.061186811286994491 -0.05852298360101648 0.11378371037035978 0.11933256938872945 0.092333035934672153 -0.014273895552044294 0.12258753999121277 -0.057353459140988799 -0.056673443131882884 -0.059571364634883453 -0.056851939042719291 -0.056670578608313239
leaf_weight=3.0362827926874143 4.279637508094309 26.161573201417923 2.7118373885750762 8.2630083262920362 5.3882299587130538 25.01172924041748 3.4775847569108009 3.4282668679952621 2.2543061375617981 2.1566743366420269 2.180908128619194
leaf_count=27 35 25 3 25 32 19 37 33 19 21 21
internal_value=0.066124 0.0856176 -0.0170656 0.103802 0.0502546 0.118087 -0.0592511 -0.057362 -0.0582257 -0.0567222 -0.0566723
internal_weight=88.35 76.3046 11.48 64.8245 13.6512 51.1733 8.76817 12.0455 5.73189 7.76585 5.60917
internal_count=297 187 86 101 57 44 83 110 56 75 54
is_linear=0
shrinkage=0.05


Tree=8
num_leaves=12
num_cat=0
split_feature=19 34 29 34 34 9 27 22 22 34 10
split_gain=75.6605 45.4464 14.8259 10.0609 22.7251 8.56334 0.544908 0.0255513 0.00301872 1.70049e-05 3.68474e-09
threshold=0.90993794372948644 3086.7487625916669 -0.019644191585229665 1387.3406944333335 1102.2405785916669 0.0033039761947178501 1.0000000180025095e-35 -1.0225137887609641 1.683885736168572 2484.9906237916671 44.583333333333336
decision_type=2 2 2 2 2 2 2 2 2 2 2
left_child=1 3 -3 4 -1 -4 -5 -7 -2 10 -10
right_child=8 2 5 6 -6 7 -8 -9 9 -11 -12
leaf_value=-0.01561240652944991 -0.058040996573626047 0.085716495277176633 0.046791266426368355 0.098100685899791554 0.11987259053924877 -0.05842644008614023 0.11035750064258135 -0.06429887189529114 -0.056305752092869435 -0.056473542896110923 -0.056303065221179255
leaf_weight=5.7366731688380224 4.1038650721311551 3.4291132241487494 2.4162765815854055 11.750005301088093 6.7212065011262894 3.4829251468181601 39.725815370678902 3.9565082751214513 3.281824141740799 2.0648895241320133 2.0877421945333481
leaf_count=38 35 15 11 21 6 34 34 28 33 21 21
internal_value=0.0624719 0.0803169 -0.00383157 0.0978021 0.0574837 -0.0349882 0.10756 -0.0615496 -0.0569525 -0.0563516 -0.0563047
internal_weight=88.7568 77.2185 13.2848 63.9337 12.4579 9.85571 51.4758 7.43943 11.5383 7.43446 5.36957
internal_count=297 187 88 99 44 73 55 62 110 75 54
is_linear=0
shrinkage=0.05


Tree=9
num_leaves=11
num_cat=0
split_feature=16 19 24 15 6 4 32 22 21 20
split_gain=69.2927 42.7135 34.2561 6.55041 5.48211 10.4962 0.00831004 0.00223671 0.00103075 4.12951e-05
threshold=35.416666666666679 0.89945835508754313 2.3514822040349062 0.13498274218731979 3.4643458783634231 42.123440983340437 1.0000000180025095e-35 1.7010263728843324 0.86953178872076586 1.1622477276842536
decision_type=2 2 2 2 2 2 2 2 2 2
left_child=6 2 -2 7 -4 -6 8 -3 -1 -10
right_child=1 3 4 -5 5 -7 -8 -9 9 -11
leaf_value=-0.057242007880988245 -0.062704166068732886 -0.057931132163447377 0.10637309737535135 0.042030532774185538 0.031110732582579938 0.10616889580348121 -0.059763211495992674 -0.055986922370520012 -0.056281442346980161 -0.055997447342113364
leaf_weight=3.1624183580279333 3.5330835729837409 2.4549457356333715 46.566217117011547 2.303717378526926 8.0447958186268824 11.062990814447401 2.5752313099801531 3.7224264666438103 2.0729370191693306 3.3463865667581558
leaf_count=36 28 21 38 11 36 10 22 39 21 35
internal_value=0.059248 0.0759817 0.0889602 -0.0299252 0.0971194 0.0745678 -0.0572722 -0.0567596 -0.0565247 -0.0561061
internal_weight=88.8452 77.6882 69.2071 8.48109 65.674 19.1078 11.157 6.17737 8.58174 5.41932
internal_count=297 183 112 71 84 46 114 60 92 56
is_linear=0
shrinkage=0.05


Tree=10
num_leaves=12
num_cat=0
split_feature=16 19 3 19 29 0 32 22 21 22 27
split_gain=62.4665 31.9445 21.089 18.1328 17.7794 2.36951 0.00698552 0.0025808 0.000874406 2.85521e-05 2.68081e-05
threshold=35.416666666666679 0.89081186193485695 17.310125429474386 0.90993794372948644 0.023434482367836251 18.772776121359886 1.0000000180025095e-35 1.683885736168572 0.86953178872076586 1.6443303195639469 0.35050432662023479
decision_type=2 2 2 2 2 2 2 2 2 2 2
left_child=6 2 4 -3 -2 -4 8 -5 -1 -10 -9
right_child=1 3 5 7 -6 -7 -8 10 9 -11 -12
leaf_value=-0.056842360794322248 -0.06167902046609413 0.091510349916775535 0.10199063093640433 -0.057859869313219674 0.093038250035239856 0.08166040432834322 -0.059198820991421777 -0.055694681719470465 -0.055901896828894543 -0.055666211398744753 -0.055939916854779725
leaf_weight=3.0287992060184461 4.2753013931214801 2.9581108838319761 36.986182138323784 2.2238167896866798 3.2825540043413639 23.399676434695721 2.4723968319594851 2.8435345888137817 2.351241409778595 2.8337767124176025 1.8326139487326143
leaf_count=36 36 3 30 19 9 35 22 31 25 31 20
internal_value=0.0564846 0.0720539 0.0842577 -0.0120569 0.00551832 0.0941126 -0.0568687 -0.0564576 -0.0561674 -0.0557731 -0.0557908
internal_weight=88.488 77.8018 67.9437 9.85808 7.55786 60.3859 10.6862 6.89997 8.21382 5.18502 4.67615
internal_count=297 183 110 73 45 65 114 70 92 56 51
is_linear=0
shrinkage=0.05


Tree=11
num_leaves=13
num_cat=0
split_feature=16 19 3 7 19 0 32 9 22 21 22 27
split_gain=56.5538 28.2498 18.8138 19.0999 16.6735 2.23747 0.00587997 0.0031559 0.00217667 0.000742408 2.42129e-05 2.27313e-05
threshold=35.416666666666679 0.89081186193485695 17.310125429474386 4.5194625451442958 0.90993794372948644 18.772776121359886 1.0000000180025095e-35 0.004622460353991751 1.683885736168572 0.86953178872076586 1.6443303195639469 0.35050432662023479
decision_type=2 2 2 2 2 2 2 2 2 2 2 2
left_child=6 2 3 -2 -3 -4 9 -5 -6 -1 -11 -10
right_child=1 4 5 7 8 -7 -8 -9 11 10 -12 -13
leaf_value=-0.056467204254210035 0.10124804880473232 0.086494348644679031 0.096797380373597419 -0.062450508156158435 -0.057418388374849964 0.077082780986669666 -0.058671861627024924 -0.059779911572462596 -0.055386241028780071 -0.055581346163952855 -0.05535942513957736 -0.055617135249484119
leaf_weight=2.8997391015291196 3.0638066828250876 2.9727344959974271 37.02026492357254 2.0837147571146488 2.1312120705842972 23.545649528503418 2.3724029585719109 2.3581723235547543 2.7195354029536247 2.2491421177983284 2.7101316004991531 1.7530971765518186
leaf_count=36 5 3 30 18 19 35 22 22 31 25 31 20
internal_value=0.0540078 0.0685677 0.0798796 0.00520992 -0.0118386 0.0891331 -0.0564902 -0.0610327 -0.0561034 -0.0558317 -0.0554601 -0.0554767
internal_weight=87.8796 77.6482 68.0716 7.50569 9.57658 60.5659 10.2314 4.44189 6.60384 7.85901 4.95927 4.47263
internal_count=297 183 110 45 73 65 114 40 70 92 56 51
is_linear=0
shrinkage=0.05


Tree=12
num_leaves=11
num_cat=0
split_feature=19 34 11 9 15 27 22 22 34 15
split_gain=50.6432 31.2937 17.3247 6.62841 5.93034 0.135736 0.0299909 0.00152357 2.62133e-05 3.11811e-06
threshold=0.90993794372948644 3086.7487625916669 0.76023178436104988 0.0047910868259758007 0.93970142273829749 0.034885982174762818 -0.66881412900639414 1.683885736168572 2484.9906237916671 0.10099127069917881
decision_type=2 2 2 2 2 2 2 2 2 2
left_child=1 3 6 5 -5 -1 -3 -2 9 -9
right_child=7 2 -4 4 -6 -7 -8 8 -10 -11
leaf_value=0.087203022069604133 -0.056442331257140869 -0.057874980608135097 0.053460468781543258 0.021437631320934583 0.077203605329686509 0.092841929728629646 -0.064781309816745639 -0.05504098379265724 -0.05530056635445451 -0.055126898443290676
leaf_weight=18.127697125077248 3.47183048725128 2.5697756744921207 6.3604023009538651 7.7055508419871357 12.502877272665499 25.947592116892338 4.0482643283903581 2.8287298381328583 1.7596742436289785 1.6852536424994466
leaf_count=20 35 31 25 36 22 21 32 34 21 20
internal_value=0.0518053 0.0653531 -0.00546656 0.0796511 0.0559398 0.0905227 -0.0620996 -0.0556019 -0.0551369 -0.0550731
internal_weight=87.0076 77.2622 12.9784 64.2837 20.2084 44.0753 6.61804 9.74549 6.27366 4.51398
internal_count=297 187 88 99 58 41 63 110 75 54
is_linear=0
shrinkage=0.05


Tree=13
num_leaves=12
num_cat=0
split_feature=16 19 3 20 10 34 22 32 21 19 0
split_gain=48.6781 22.3712 16.4957 14.7418 9.35395 0.270895 0.0206242 0.0052363 0.000858305 7.65967e-05 1.57641e-05
threshold=35.416666666666679 0.89081186193485695 29.652222658661508 0.43878658408841476 31.250000000000004 1782.2070459500003 1.683885736168572 1.0000000180025095e-35 0.86953178872076586 0.93774032194230628 28.817356117851954
decision_type=2 2 2 2 2 2 2 2 2 2 2
left_child=7 2 4 -3 -2 -4 -5 8 -1 -10 -8
right_child=1 3 5 6 -6 -7 10 -9 9 -11 -12
leaf_value=-0.056125975686359054 0.058517044080423908 0.077754232283835489 0.090914626733262741 -0.061058685313286204 -0.021158586022637361 0.083510869400524573 -0.054792739646497113 -0.058176373639272499 -0.055240891079583743 -0.054831208655901145 -0.054995608136393738
leaf_weight=2.7744675427675229 9.5093062408268434 3.0805019587278348 20.19923210144043 2.0949625819921494 6.0130008161067954 31.81352212280035 1.9948181957006457 2.2696746028959751 2.054634764790535 2.5655472055077553 1.8416542820632456
leaf_count=36 30 6 15 19 36 29 25 22 24 32 23
internal_value=0.0496628 0.0630127 0.0728867 -0.010983 0.0276525 0.0863861 -0.0570688 -0.0560756 -0.0554308 -0.0550134 -0.0548901
internal_weight=86.2113 76.547 67.5351 9.01194 15.5223 52.0128 5.93144 9.66432 7.39465 4.62018 3.83647
internal_count=297 183 110 73 66 44 67 114 92 56 48
is_linear=0
shrinkage=0.05


Tree=14
num_leaves=12
num_cat=0
split_feature=16 22 2 3 29 9 34 32 21 22 19
split_gain=44.5306 19.2113 15.6971 14.502 14.2751 1.8013 0.0117702 0.00441967 0.000729792 0.000187176 6.49395e-05
threshold=35.416666666666679 1.4188413183227109 -0.85658588516664336 17.358951223062309 0.023434482367836251 0.0047699094053938003 2682.3821465500005 1.0000000180025095e-35 0.86953178872076586 2.1621636472093893 0.93774032194230628
decision_type=2 2 2 2 2 2 2 2 2 2 2
left_child=7 3 -3 4 -2 -5 9 8 -1 -4 -10
right_child=1 2 6 5 -6 -7 -8 -9 10 -11 -12
leaf_value=-0.055794227775499278 -0.0614587029993965 0.082930924753234186 -0.055246796753262967 0.083573287280998013 0.077822138411907979 0.064536964817228704 -0.059619533298579525 -0.057716059034317028 -0.054959400472237886 -0.054550765727079453 -0.054573557754119206
leaf_weight=2.6544499434530717 3.9361354745924464 3.0841360837221146 1.7607072070240959 41.744876965880394 3.45394342020154 17.694058254361153 1.9536542631685732 2.1757633164525032 1.9641858264803884 2.1397321447730064 2.4516540616750717
leaf_count=36 34 6 21 36 9 31 18 22 24 28 32
internal_value=0.0478447 0.060486 -0.00835771 0.0696937 0.00363778 0.0779065 -0.0564517 -0.0557455 -0.055139 -0.054865 -0.0547452
internal_weight=85.0133 75.7672 8.93823 66.829 7.39008 59.4389 5.85409 9.24605 7.07029 3.90044 4.41584
internal_count=297 183 73 110 43 67 67 114 92 49 56
is_linear=0
shrinkage=0.05


end of trees

feature_importances:
dev_z_ema200=26
event_proximity_min=16
donchian_q=15
adx_14=11
atr_pct=10
session_eu=9
bbw_pct=8
atr_14=7
pullback_depth=6
dev_z_ema60=6
minus_di=5
bbw=5
h1_adx=4
dev_z_ema20=4
macd_slope3=4
di_net=4
session_asia=4
body_wick_ratio=3
close_mom_atr=3
plus_di=2
hurst=2
spread_atr=2
rsi_14=1
macd=1
er=1
mm=1
ema20_dist_atr=1
body_ratio=1
di_ratio=1

parameters:
[boosting: gbdt]
[objective: binary]
[metric: auc,binary_logloss]
[tree_learner: serial]
[device_type: cpu]
[data_sample_strategy: bagging]
[data: ]
[valid: ]
[num_iterations: 300]
[learning_rate: 0.05]
[num_leaves: 15]
[num_threads: 24]
[seed: 42]
[deterministic: 0]
[force_col_wise: 0]
[force_row_wise: 0]
[histogram_pool_size: -1]
[max_depth: -1]
[min_data_in_leaf: 20]
[min_sum_hessian_in_leaf: 0.001]
[bagging_fraction: 0.8]
[pos_bagging_fraction: 1]
[neg_bagging_fraction: 1]
[bagging_freq: 0]
[bagging_seed: 400]
[bagging_by_query: 0]
[feature_fraction: 0.8]
[feature_fraction_bynode: 1]
[feature_fraction_seed: 30056]
[extra_trees: 0]
[extra_seed: 12879]
[early_stopping_round: 0]
[early_stopping_min_delta: 0]
[first_metric_only: 0]
[max_delta_step: 0]
[lambda_l1: 0]
[lambda_l2: 0]
[linear_lambda: 0]
[min_gain_to_split: 0]
[drop_rate: 0.1]
[max_drop: 50]
[skip_drop: 0.5]
[xgboost_dart_mode: 0]
[uniform_drop: 0]
[drop_seed: 17869]
[top_rate: 0.2]
[other_rate: 0.1]
[min_data_per_group: 100]
[max_cat_threshold: 32]
[cat_l2: 10]
[cat_smooth: 10]
[max_cat_to_onehot: 4]
[top_k: 20]
[monotone_constraints: ]
[monotone_constraints_method: basic]
[monotone_penalty: 0]
[feature_contri: ]
[forcedsplits_filename: ]
[refit_decay_rate: 0.9]
[cegb_tradeoff: 1]
[cegb_penalty_split: 0]
[cegb_penalty_feature_lazy: ]
[cegb_penalty_feature_coupled: ]
[path_smooth: 0]
[interaction_constraints: ]
[verbosity: -1]
[saved_feature_importance_type: 0]
[use_quantized_grad: 0]
[num_grad_quant_bins: 4]
[quant_train_renew_leaf: 0]
[stochastic_rounding: 1]
[linear_tree: 0]
[max_bin: 255]
[max_bin_by_feature: ]
[min_data_in_bin: 3]
[bin_construct_sample_cnt: 200000]
[data_random_seed: 175]
[is_enable_sparse: 1]
[enable_bundle: 1]
[use_missing: 1]
[zero_as_missing: 0]
[feature_pre_filter: 1]
[pre_partition: 0]
[two_round: 0]
[header: 0]
[label_column: ]
[weight_column: ]
[group_column: ]
[ignore_column: ]
[categorical_feature: ]
[forcedbins_filename: ]
[precise_float_parser: 0]
[parser_config_file: ]
[objective_seed: 16083]
[num_class: 1]
[is_unbalance: 0]
[scale_pos_weight: 5.45652]
[sigmoid: 1]
[boost_from_average: 1]
[reg_sqrt: 0]
[alpha: 0.9]
[fair_c: 1]
[poisson_max_delta_step: 0.7]
[tweedie_variance_power: 1.5]
[lambdarank_truncation_level: 30]
[lambdarank_norm: 1]
[label_gain: ]
[lambdarank_position_bias_regularization: 0]
[eval_at: ]
[multi_error_top_k: 1]
[auc_mu_weights: ]
[num_machines: 1]
[local_listen_port: 12400]
[time_out: 120]
[machine_list_filename: ]
[machines: ]
[gpu_platform_id: -1]
[gpu_device_id: -1]
[gpu_device_id_list: ]
[gpu_use_dp: 0]
[num_gpu: 1]

end of parameters

pandas_categorical:[]
