tree
version=v4
num_class=1
num_tree_per_iteration=1
label_index=0
max_feature_idx=39
objective=binary sigmoid:1
feature_names=adx_14 rsi_14 macd atr_14 h1_adx h1_trend_strength plus_di minus_di er bbw bbw_pct hurst mm ema20_dist_atr body_ratio pullback_depth atr_pct spread_num spread_atr donchian_q dev_z_ema20 dev_z_ema60 dev_z_ema200 macd_slope3 body_wick_ratio extreme_reversal di_ratio di_net spread_atr_log close_mom_atr trend_aligned session_asia session_eu session_us event_proximity_min macro_risk_score sentiment_risk_score ds_fake_prob ds_sl_coeff ds_continuity
feature_infos=[0.067060184377794499:73.188777131097922] [22.70456198403572:83.674456751310089] [-2.2385174226511984:6.0019588711905509] [10.972437244367756:111.95295498057295] [11.402173742662027:56.728022331625752] [0.1140217374266202:0.56728022331625749] [0.59610170124626793:14.261978271320476] [0.397859668851131:12.711988787131876] [0.0018105009052625:0.97162138778333296] [0.0023982695403750999:0.022983243230727399] [0.83333333333333337:99.166666666666686] [0.56962557001860947:0.7867715529502356] [-0.78420787128634484:0.91552254606036521] [0.00031025813951469997:1.1226306141140012] [0.00023889154323369999:0.91406250000007638] [0.0013305956450303999:2.5794127145090884] [0.83333333333333337:100] [17:25] [0.17864646809430421:1.8227490897946277] [0.0055701686523376001:0.99990960043392418] [-2.4307804564472169:3.218150099213346] [-2.4739657953247844:3.740213003578607] [-2.7020259913065163:3.9768143111378849] [-2.8530807095129678:4.6220277750857699] [0.094017094017002603:12479.999999727515] [-1:1] [0.16332360146397137:6.4595465368312626] [-0.71921199808397751:0.73188752470644658] [0.16436671916263187:1.0377112646250293] [-0.061811449972601872:0.050912172225180533] none [0:1] [0:1] [0:1] [123.98996941666664:4759.9905909999998] [12:18] [3:8] none none none
tree_sizes=1054 1176 1404 1404 1293 1515 1291 1407 1512 1512 1623 1620 1511 1404 1519 1409 1292 1407 1497 1409 1408 1419 1306 1307 1403 1621 1515 1612 1513 1408 1414 1405 1617

Tree=0
num_leaves=9
num_cat=0
split_feature=32 10 22 12 14 16 34 0
split_gain=286.568 74.5597 76.8689 54.8848 33.5908 20.4614 19.4689 7.10543e-15
threshold=1.0000000180025095e-35 54.583333333333336 0.49245268482297727 -0.11039593370184338 0.21006164717706874 81.250000000000014 2881.8403344833337 11.152366163980167
decision_type=2 2 2 2 2 2 2 2
left_child=3 2 -2 5 7 -1 -3 -5
right_child=1 6 -4 4 -6 -7 -8 -9
leaf_value=-1.5984252395585357 -1.4266082975349876 -1.3382929488874233 -1.7032931449426423 -1.7032931449426423 -1.5159650049110496 -1.4465740525033288 -1.4300089485731864 -1.7032931449426423
leaf_weight=4.9337432682514208 6.5448818206787092 14.883851960301401 4.0721087157726288 3.5291608870029512 2.7619519531726828 4.0307973772287369 9.4661771357059461 14.38811746239662
leaf_count=28 19 22 30 26 12 13 28 106
internal_value=-1.51911 -1.42216 -1.53273 -1.63348 -1.67827 -1.53015 -1.37395 -1.70329
internal_weight=64.6108 34.967 10.617 29.6438 20.6792 8.96454 24.35 17.9173
internal_count=284 99 49 185 144 41 50 132
is_linear=0
shrinkage=1


Tree=1
num_leaves=10
num_cat=0
split_feature=32 3 13 34 4 1 0 29 6
split_gain=203.078 51.383 50.0975 109.938 33.7733 9.39129 0.00287127 0.000751553 3.82911e-05
threshold=1.0000000180025095e-35 20.251569876944696 0.10612799279978276 2672.2486830666671 51.720841837037 46.073450758338687 43.030723131339762 -0.002171513794883527 3.6732854913669457
decision_type=2 2 2 2 2 2 2 2 2
left_child=1 -1 5 -4 7 -2 -5 -3 -9
right_child=2 4 3 6 -6 -7 -8 8 -10
leaf_value=0.10745977988823073 0.25179042007630165 -0.06001843792486701 0.2235683880686605 -0.061987776176380328 0.13029060066495587 0.19213929776971483 -0.059762602350849306 -0.059104146466721567 -0.059313865437956276
leaf_weight=9.2324079722166079 13.173380970954897 2.9140221178531709 8.1330923736095411 3.119792789220809 2.7035592794418326 13.219654753804205 2.7081816792488098 12.379323914647101 2.6408283710479727
leaf_count=39 16 21 13 20 10 30 20 95 20
internal_value=0.108241 0.0094127 0.181394 0.104796 -0.0344492 0.221913 -0.0609538 -0.0592836 -0.059141
internal_weight=70.2242 29.8701 40.3541 13.9611 20.6377 26.393 5.82797 17.9342 15.0202
internal_count=284 185 99 53 146 46 40 136 115
is_linear=0
shrinkage=0.05


Tree=2
num_leaves=12
num_cat=0
split_feature=22 22 1 7 2 24 1 3 18 11 26
split_gain=141.444 177.454 73.2502 13.8117 8.74869 0.00507959 0.00225899 0.00182159 0.00162323 0.000113834 1.25429e-09
threshold=0.77051272218227718 -0.75732709202823489 53.096051255476389 1.7269946981653421 2.0065424262038318 7.3693989071039709 63.123850825977492 31.367445107371569 0.34964065729670646 0.72928379513762798 1.6492782468060285
decision_type=2 2 2 2 2 2 2 2 2 2 2
left_child=1 5 -2 -3 6 -1 8 -7 -4 -8 -11
right_child=2 3 4 -5 -6 7 9 -9 -10 10 -12
leaf_value=-0.062212871082301502 0.18438419011113941 0.20635346119114401 -0.05885181319553922 0.14639607967188037 0.039163956344712064 -0.060618675500611674 -0.058976276425601729 -0.058779988317125179 -0.060362902827791588 -0.058581522745907381 -0.058580077017020143
leaf_weight=3.4426551610231382 4.1951774358749416 27.576810970902443 2.67142021656037 14.738668054342268 2.6090428233146659 2.8707297742366791 2.5693337768316251 2.5378545075654984 5.3093519955873489 3.7508909404277802 2.5002956688404083
leaf_count=22 10 31 21 37 15 20 20 20 38 30 20
internal_value=0.0961741 0.142884 -0.00507217 0.18547 -0.0460196 -0.0607115 -0.0592476 -0.0597559 -0.0598571 -0.0586961 -0.0585809
internal_weight=74.7722 51.1667 23.6055 42.3155 19.4103 8.85124 16.8013 5.40858 7.98077 8.82052 6.25119
internal_count=284 130 154 68 144 62 129 40 59 70 50
is_linear=0
shrinkage=0.05


Tree=3
num_leaves=12
num_cat=0
split_feature=16 19 34 4 1 32 7 34 29 19 4
split_gain=150.089 126.768 61.6313 26.1077 3.91003 0.0116676 0.0013409 0.000838229 0.000128443 6.37636e-05 2.37264e-09
threshold=36.250000000000007 0.90993794372948644 3195.6487685500001 26.385240513830432 41.66633781050102 1.0000000180025095e-35 4.0190701521796877 2576.990488391667 0.00016682104785396934 0.95834648153992341 26.790584586159127
decision_type=2 2 2 2 2 2 2 2 2 2 2
left_child=5 2 4 -4 -2 6 8 9 -1 -3 -10
right_child=1 7 3 -5 -6 -7 -8 -9 10 -11 -12
leaf_value=-0.058489552234067058 0.14816435073249562 -0.058086152800920769 0.10072473478824476 -0.062086305632284913 0.18151990578622407 -0.061979930590583591 -0.059534470973457668 -0.059261081850374889 -0.058092234879068873 -0.058443901183919948 -0.058090084265951449
leaf_weight=3.3321396633982641 11.962698623538015 2.5164351090788823 6.332514747977255 4.0288622081279755 33.083712235093117 3.1997083127498618 2.6583684906363478 3.643550343811512 2.7575926184654236 2.4662258327007294 2.3974462449550629
leaf_count=27 21 21 23 26 34 21 20 28 23 20 20
internal_value=0.086864 0.119613 0.147371 0.0374182 0.172662 -0.0593186 -0.0585546 -0.0586847 -0.0582476 -0.0582632 -0.0580912
internal_weight=78.3793 64.034 55.4078 10.3614 45.0464 14.3453 11.1455 8.62621 8.48718 4.98266 5.15504
internal_count=284 173 104 49 55 111 90 69 70 41 43
is_linear=0
shrinkage=0.05


Tree=4
num_leaves=11
num_cat=0
split_feature=16 19 3 3 24 31 18 0 7 22
split_gain=126.882 103.962 49.0208 22.2418 1.04646 0.00763679 0.00106944 0.000734406 5.051e-05 4.54082e-05
threshold=36.250000000000007 0.90993794372948644 18.798614852469289 17.293446823131394 14.698365977315285 1.0000000180025095e-35 0.64475199691658802 43.688889936449108 1.9282390215577312 2.2618271905642433
decision_type=2 2 2 2 2 2 2 2 2 2
left_child=5 2 3 -2 -4 -1 8 9 -7 -3
right_child=1 7 4 -5 -6 6 -8 -9 -10 -11
leaf_value=-0.060737648478459028 -0.02237593469069124 -0.057970628132874194 0.1431627966125085 0.11255977998595959 0.15934356640646993 -0.05763261322916037 -0.058861134354966496 -0.058775601133285463 -0.057907572015015285 -0.057669278606880918
leaf_weight=3.6701339781284306 6.4038645029067975 2.3654254525899869 14.454259388148783 5.8379294723272324 32.368911802768707 4.3660635575652122 3.0251744315028191 3.2568283826112747 2.7050927355885506 2.6511086598038673
leaf_count=26 36 20 20 17 31 38 24 26 23 23
internal_value=0.0795295 0.107806 0.131058 0.0419729 0.154349 -0.0587844 -0.0580744 -0.0581909 -0.0577378 -0.0578114
internal_weight=81.1048 67.3383 59.065 12.2418 46.8232 13.7665 10.0963 8.27336 7.07116 5.01653
internal_count=284 173 104 53 51 111 85 69 61 43
is_linear=0
shrinkage=0.05


Tree=5
num_leaves=13
num_cat=0
split_feature=16 22 3 15 22 34 32 0 7 29 8 3
split_gain=109.202 55.983 37.8372 19.7104 16.7509 1.20645 0.00826492 0.000966174 0.000949254 9.35255e-05 2.52637e-05 1.58418e-08
threshold=36.250000000000007 1.3971996252616534 18.798614852469289 0.21146547983194758 -0.25470115648650915 1623.9903131000003 1.0000000180025095e-35 43.030723131339762 4.0190701521796877 0.00016682104785396934 0.49862694737334129 58.656453729953547
decision_type=2 2 2 2 2 2 2 2 2 2 2 2
left_child=6 2 4 7 -2 -4 8 10 9 -1 -3 -11
right_child=1 3 5 -5 -6 -7 -8 -9 -10 11 -12 -13
leaf_value=-0.057558991534568886 -0.021188583879580284 -0.057199801262699128 0.14463001104996143 0.091225019936539684 0.10530309421597039 0.12878323623173479 -0.0606129244372548 -0.058555519274897029 -0.058472416603582711 -0.057201581364796833 -0.057438043120898841 -0.057207368030927214
leaf_weight=3.0630650520324689 6.2255580276250839 2.2005491554737073 21.110784754157066 3.2712193578481674 4.5158255547285062 27.863112889230251 2.9601319730281821 2.4566253200173378 2.4475860297679901 2.4210525453090668 2.2510620281100273 2.3123952820897102
leaf_count=27 35 20 19 10 12 37 21 20 20 22 20 21
internal_value=0.0735864 0.0984992 0.116975 -0.0098826 0.0319903 0.135614 -0.0582858 -0.0577595 -0.0576134 -0.0573437 -0.0573203 -0.0572044
internal_weight=83.099 69.8947 59.7153 10.1795 10.7414 48.9739 13.2042 6.90824 10.2441 7.79651 4.45161 4.73345
internal_count=284 173 103 70 47 56 111 60 90 70 40 43
is_linear=0
shrinkage=0.05


Tree=6
num_leaves=11
num_cat=0
split_feature=16 19 34 4 24 31 34 18 8 7
split_gain=95.1516 76.5236 33.9594 21.0231 2.17899 0.0054105 0.00137433 0.000765286 3.90716e-05 3.62134e-05
threshold=36.250000000000007 0.90993794372948644 3195.6487685500001 26.385240513830432 14.698365977315285 1.0000000180025095e-35 2576.990488391667 0.64475199691658802 0.55477963997516389 1.9282390215577312
decision_type=2 2 2 2 2 2 2 2 2 2
left_child=5 2 4 -4 -2 -1 8 9 -3 -7
right_child=1 6 3 -5 -6 7 -8 -9 -10 -11
leaf_value=-0.05952930352294681 0.1102761505380193 -0.056799678721125561 0.081093906106207092 -0.062253621103255656 0.13217230109951356 -0.056803666281643031 -0.05829050386549689 -0.057887764148305577 -0.057098196012850114 -0.057046665929938789
leaf_weight=3.3862323909997913 16.474274605512619 2.2130212783813468 7.0492379516363126 4.0142669975757599 36.615470767021179 4.0063022896647453 3.3684534579515457 2.7828974947333336 2.1718898639082909 2.483702652156353
leaf_count=26 23 21 23 26 32 38 28 24 20 23
internal_value=0.068586 0.0908395 0.108771 0.0290819 0.125378 -0.0578188 -0.057531 -0.0571941 -0.0569475 -0.0568967
internal_weight=84.5657 71.9066 64.1533 11.0635 53.0897 12.6591 7.75336 9.2729 4.38491 6.49
internal_count=284 173 104 49 55 111 69 85 41 61
is_linear=0
shrinkage=0.05


Tree=7
num_leaves=12
num_cat=0
split_feature=16 19 18 10 14 8 32 34 7 12 18
split_gain=83.8823 51.3447 25.6512 15.8731 6.93264 0.321654 0.00588632 0.000949687 0.000675529 6.82308e-05 3.29681e-08
threshold=36.250000000000007 0.89945835508754313 0.72653229135613329 35.416666666666679 0.069498597576707219 0.15345588531660401 1.0000000180025095e-35 2576.990488391667 4.0190701521796877 0.016532668602099204 0.46020202164097812
decision_type=2 2 2 2 2 2 2 2 2 2 2
left_child=6 2 5 -4 7 -2 8 -3 9 -1 -11
right_child=1 4 3 -5 -6 -7 -8 -9 -10 10 -12
leaf_value=-0.056742298047145201 0.12302738120745989 -0.05654149605343959 0.082960226171119575 -0.020283264695610367 0.044364946019290197 0.11467291974170574 -0.059424921671036406 -0.05778333055367757 -0.057543896522213936 -0.056430538214855552 -0.056421819611733454
leaf_weight=2.81088078022003 18.713182806968689 3.6791249439120275 10.099786683917044 5.8962490260601035 2.2962717339396477 29.976606264710426 2.7316850349307051 2.6473386585712433 2.2491770908236504 2.120353177189827 2.2189929783344269
leaf_count=27 15 36 27 31 11 30 21 23 20 21 22
internal_value=0.0644057 0.0845591 0.0998368 0.044904 -0.0300509 0.117884 -0.0573819 -0.0570611 -0.0567881 -0.0565504 -0.0564261
internal_weight=85.4396 73.3086 64.6858 15.996 8.62274 48.6898 12.1311 6.32646 9.3994 7.15023 4.33935
internal_count=284 173 103 58 70 45 111 59 90 70 43
is_linear=0
shrinkage=0.05


Tree=8
num_leaves=13
num_cat=0
split_feature=19 22 20 23 35 4 22 27 34 15 15 27
split_gain=70.5627 71.6049 11.7639 14.208 2.7488 10.3375 0.0348663 0.00988387 0.00206253 0.00132374 4.67293e-05 4.60163e-06
threshold=0.90993794372948644 -0.75732709202823489 0.82407559509499118 -0.036897393170993741 12.500000000000002 40.829680326608738 -1.12841245652802 -0.12190721836832084 2576.990488391667 0.059634062585196657 0.037367911211078006 0.15605251623690045
decision_type=2 2 2 2 2 2 2 2 2 2 2 2
left_child=1 6 4 -4 5 -3 7 -1 10 -10 -2 -12
right_child=8 2 3 -5 -6 -7 -8 -9 9 -11 11 -13
leaf_value=-0.057040851648097059 -0.056404525509411121 0.049453417129027427 0.10662183757563753 0.0049869049460237892 0.11587484602093977 0.11950152871393283 -0.065905006128445215 -0.061262654252683117 -0.056645183867371877 -0.058345125381294952 -0.056174764806436711 -0.05607156033382571
leaf_weight=3.1791459172964096 2.1047073453664762 8.5135099589824694 6.6710136234760284 7.0966957062482816 30.526675805449486 13.811994075775145 2.5740870758891088 2.4583819657564163 2.0558148398995399 2.5853152573108673 1.9546619951725004 2.4139306247234344
leaf_count=30 21 32 8 37 26 11 15 17 20 22 20 25
internal_value=0.060768 0.0782281 0.0953997 0.0542332 0.106123 0.0927897 -0.0610834 -0.0588819 -0.0567877 -0.0575921 -0.056211 -0.0561177
internal_weight=85.9459 74.8315 66.6199 13.7677 52.8522 22.3255 8.21161 5.63753 11.1144 4.64113 6.4733 4.36859
internal_count=284 176 114 45 69 43 62 47 108 42 66 45
is_linear=0
shrinkage=0.05


Tree=9
num_leaves=13
num_cat=0
split_feature=16 19 3 15 3 34 32 34 16 13 22 10
split_gain=68.9122 35.6778 23.3781 17.0891 13.9058 0.303401 0.00488367 0.00330821 0.00107948 7.43552e-05 3.59586e-05 1.10459e-05
threshold=36.250000000000007 0.85800653038673558 18.798614852469289 0.19047855240960723 17.293446823131394 1623.9903131000003 1.0000000180025095e-35 2637.4320423083336 24.583333333333336 0.17674848428225251 2.1932918310529428 41.250000000000007
decision_type=2 2 2 2 2 2 2 2 2 2 2 2
left_child=6 2 4 7 -2 -4 8 10 9 11 -3 -1
right_child=1 3 5 -5 -6 -7 -8 -9 -10 -11 -12 -13
leaf_value=-0.055746567145105098 -0.023237247984103589 -0.056123834065734138 0.10816800505248401 0.084417109782628508 0.079087336816758794 0.10045045628026779 -0.058746989498806149 -0.058200574103176354 -0.057225675691748891 -0.056198090988489768 -0.055826638841248402 -0.05590714421565899
leaf_weight=1.8488269746303538 6.4349731951951963 1.9344836175441722 23.277300760149956 3.1071705594658852 6.859722837805748 28.118582114577293 2.6046673730015746 2.7933254390954971 2.2563102394342422 2.1558446958661079 2.1478377804160118 2.5454835817217827
leaf_count=20 36 20 19 6 17 27 21 25 21 22 23 27
internal_value=0.057594 0.0750819 0.0886585 -0.0128974 0.0295596 0.103946 -0.056845 -0.0568747 -0.0562825 -0.0559576 -0.0559675 -0.0558396
internal_weight=86.0845 74.6734 64.6906 9.98282 13.2947 51.3959 11.4111 6.87565 8.80647 6.55016 4.08232 4.39431
internal_count=284 173 99 74 53 46 111 68 90 69 43 47
is_linear=0
shrinkage=0.05


Tree=10
num_leaves=14
num_cat=0
split_feature=16 19 3 12 22 16 3 32 34 16 26 13 11
split_gain=62.0554 31.399 21.0759 16.1245 13.9953 11.5823 0.301958 0.00412223 0.00381123 0.000915266 0.000139094 6.28336e-05 2.07247e-05
threshold=36.250000000000007 0.85800653038673558 18.798614852469289 -0.097196871094109932 0.95295732197052507 75.833333333333357 52.49411273087653 1.0000000180025095e-35 2689.7569265083339 24.583333333333336 1.9255104148590778 0.17674848428225251 0.75252631037955664
decision_type=2 2 2 2 2 2 2 2 2 2 2 2 2
left_child=7 2 4 -3 5 -2 -4 9 10 11 -5 12 -1
right_child=1 3 6 8 -6 -7 -8 -9 -10 -11 -12 -13 -14
leaf_value=-0.055421288641512335 -0.063345602985392824 0.081409665161283479 0.094087658598296792 -0.055566912768304035 0.09947992439537813 0.050795966905054335 0.10173745448600768 -0.058252094838117691 -0.058397401841708302 -0.05682680110319737 -0.056124548768437199 -0.055859482817783301 -0.055644279839315469
leaf_weight=2.2944928258657438 4.6320870742201787 3.1070433109998703 24.588603436946869 2.7003830596804601 4.5160529911518088 4.2725371122360229 27.136559844017029 2.4981513246893874 2.0313645005226135 2.1609517261385918 1.9086773246526716 2.0628189072012901 1.9087678045034406
leaf_count=26 29 6 25 30 9 15 21 21 18 21 20 22 21
internal_value=0.0548526 0.0710917 0.0836147 -0.0126042 0.0277826 -0.00857922 0.098101 -0.0564683 -0.0565931 -0.0559395 -0.0557978 -0.0556335 -0.0555226
internal_weight=85.8185 74.8933 65.1458 9.74747 13.4207 8.90462 51.7252 10.9252 6.64042 8.42703 4.60906 6.26608 4.20326
internal_count=284 173 99 74 53 44 46 111 68 90 50 69 47
is_linear=0
shrinkage=0.05


Tree=11
num_leaves=14
num_cat=0
split_feature=16 19 3 12 22 16 3 32 34 16 27 13 11
split_gain=56.1626 27.8347 19.206 14.7825 12.073 10.6268 0.302959 0.00348348 0.00326427 0.00077672 0.000118387 5.31546e-05 1.75718e-05
threshold=36.250000000000007 0.85800653038673558 18.798614852469289 -0.097196871094109932 0.95295732197052507 75.833333333333357 52.49411273087653 1.0000000180025095e-35 2689.7569265083339 24.583333333333336 0.31635892640448743 0.17674848428225251 0.75252631037955664
decision_type=2 2 2 2 2 2 2 2 2 2 2 2 2
left_child=7 2 4 -3 5 -2 -4 9 10 11 -5 12 -1
right_child=1 3 6 8 -6 -7 -8 -9 -10 -11 -12 -13 -14
leaf_value=-0.055129008369720983 -0.062544615886358512 0.076190861858512829 0.089081795321216475 -0.055266112720192377 0.091052390075325035 0.047165886797052504 0.09673935569818376 -0.057788879912241867 -0.057942126725532832 -0.056452377532501832 -0.055792121916574622 -0.055541244868190502 -0.055338982042225898
leaf_weight=2.1938676685094816 4.4611688181757909 3.152617484331131 24.66922864317894 2.5823105126619321 4.6827296763658515 4.3687032014131546 27.111698031425476 2.3948795124888411 1.9470915347337721 2.0688489377498627 1.8261338546872137 1.9731723144650457 1.8254392743110655
leaf_count=26 29 6 25 30 9 15 21 21 18 21 20 22 21
internal_value=0.0524267 0.0675992 0.0792384 -0.012328 0.0261538 -0.0082638 0.0930912 -0.0561145 -0.0562371 -0.0556171 -0.055484 -0.0553287 -0.0552244
internal_weight=85.2579 74.8017 65.2935 9.50815 13.5126 8.82987 51.7809 10.4562 6.35554 8.06133 4.40844 5.99248 4.01931
internal_count=284 173 99 74 53 44 46 111 68 90 50 69 47
is_linear=0
shrinkage=0.05


Tree=12
num_leaves=13
num_cat=0
split_feature=19 22 21 19 19 4 34 18 29 0 11 3
split_gain=47.4441 52.265 7.05743 14.0915 16.0536 0.73626 0.0798491 0.00800812 0.00179924 0.000343218 3.32925e-05 5.12125e-08
threshold=0.90993794372948644 -0.75732709202823489 0.84712204976383132 0.48054548224867771 0.63805930463362215 24.001867162809226 3007.2737124083337 1.1495168243127121 -0.00010948500428384433 42.149280486211204 0.75580150693437587 58.656453729953547
decision_type=2 2 2 2 2 2 2 2 2 2 2 2
left_child=1 6 5 -4 -5 -3 -1 -8 -2 10 11 -10
right_child=8 2 3 4 -6 -7 7 -9 9 -11 -12 -13
leaf_value=-0.068354195772615409 -0.056847775447545094 0.08199451847707491 0.09221645873878509 0.070767906546979994 -0.060504131983556253 0.094433876332543798 -0.055664517805107477 -0.059715240751634584 -0.054848902993270901 -0.055681063224585492 -0.055128474106139108 -0.054861349970974797
leaf_weight=2.6379786655306807 2.0803553462028503 25.082552298903465 10.46422663331032 4.847993925213812 4.4823192209005356 22.625184468924999 2.6013054475188255 2.2979879379272461 1.6117789000272735 2.3422884047031403 1.6824664697051046 1.695949539542198
leaf_count=16 21 33 9 10 39 23 29 17 20 26 20 21
internal_value=0.0502632 0.0635362 0.07748 0.052381 0.0077043 0.0878938 -0.0613408 -0.0575645 -0.05555 -0.0551818 -0.0549474 -0.0548553
internal_weight=84.4524 75.0395 67.5023 19.7945 9.33031 47.7077 7.53727 4.89929 9.41284 7.33248 4.99019 3.30773
internal_count=284 176 114 58 49 56 62 46 108 87 61 41
is_linear=0
shrinkage=0.05


Tree=13
num_leaves=12
num_cat=0
split_feature=16 22 20 22 22 35 14 32 16 0 23
split_gain=47.0387 21.4626 22.3318 15.689 12.9581 0.910121 0.0573554 0.00232202 0.00112454 0.000401418 5.78351e-05
threshold=36.250000000000007 1.2635804655306389 0.23457049241782538 -0.25470115648650915 -0.66881412900639414 12.500000000000002 0.10718332960562732 1.0000000180025095e-35 27.083333333333339 44.549022872459879 0.1288639221048323
decision_type=2 2 2 2 2 2 2 2 2 2 2
left_child=7 3 -3 4 -2 -5 9 8 10 -4 -1
right_child=1 2 6 5 -6 -7 -8 -9 -10 -11 -12
leaf_value=-0.054980315734840579 -0.028912006150386273 0.087344974390827321 -0.054740766015102332 0.092466578292840051 0.073657201403116587 0.079022276071999561 -0.065154669017699215 -0.056992148601344009 -0.056278495520377364 -0.055682015733240421 -0.054662464832783246
leaf_weight=2.7040390819311124 6.1287364512681961 4.2964269220828992 3.076299250125885 24.548986464738846 6.18864858150482 25.83659578114748 1.9941969066858289 2.2086979225277901 1.692640922963619 1.7929025143384931 3.0402289479970932
leaf_count=33 32 5 39 21 12 31 13 21 18 20 39
internal_value=0.0482752 0.061836 -0.00205123 0.0732066 0.022622 0.0855726 -0.0580125 -0.0555686 -0.0551458 -0.0550873 -0.0548121
internal_weight=83.5084 73.8628 11.1598 62.703 12.3174 50.3856 6.8634 9.64561 7.43691 4.8692 5.74427
internal_count=284 173 77 96 44 52 72 111 90 59 72
is_linear=0
shrinkage=0.05


Tree=14
num_leaves=13
num_cat=0
split_feature=16 22 20 22 22 15 14 32 16 27 19 22
split_gain=42.9925 19.2533 20.469 13.163 12.94 0.487909 0.048513 0.00196646 0.00095789 0.000341183 4.29962e-05 2.63005e-05
threshold=36.250000000000007 1.2635804655306389 0.23457049241782538 -0.21855547350210297 -0.66881412900639414 0.70485423219737109 0.10718332960562732 1.0000000180025095e-35 27.083333333333339 0.4470408277188524 0.91665979983503554 -1.6144650561774769
decision_type=2 2 2 2 2 2 2 2 2 2 2 2
left_child=7 3 -3 4 -2 -5 9 8 10 -4 11 -1
right_child=1 2 6 5 -6 -7 -8 -9 -10 -11 -12 -13
leaf_value=-0.054530809855596642 -0.027844396678669184 0.08252358145396238 -0.054488373527051992 0.077536417961977411 0.069400078731045409 0.087589546226298817 -0.064256511349670836 -0.056607539719711997 -0.055939359088466936 -0.055375855517102203 -0.054390642127147039 -0.054817869992917968
leaf_weight=1.5962233990430832 6.0476411581039429 4.319394186139105 2.9394779652357101 25.300998128950596 7.8761802166700345 23.077773109078407 1.9227781891822813 2.1148913353681564 1.6196038499474523 1.7146519646048544 2.2974886819720268 1.595445863902567
leaf_count=21 32 5 39 29 15 20 13 21 18 20 31 20
internal_value=0.0464598 0.0592785 -0.00203893 0.0700025 0.0271631 0.082332 -0.0575755 -0.0552691 -0.0548708 -0.0548153 -0.0545556 -0.0546743
internal_weight=82.4225 73.1989 10.8963 62.3026 13.9238 48.3788 6.57691 9.22365 7.10876 4.65413 5.48916 3.19167
internal_count=284 173 77 96 47 49 72 111 90 59 72 41
is_linear=0
shrinkage=0.05


Tree=15
num_leaves=12
num_cat=0
split_feature=19 22 34 22 15 34 18 34 15 6 14
split_gain=36.7898 40.9824 9.76447 3.04024 5.04891 0.0593794 0.00646113 0.00149257 0.00188186 2.16118e-05 2.14677e-06
threshold=0.90993794372948644 -0.75732709202823489 3248.1319845250005 0.49245268482297727 1.0486103309374442 3007.2737124083337 1.1495168243127121 2576.990488391667 0.066634472402540459 3.1460161478858488 0.029890228154839254
decision_type=2 2 2 2 2 2 2 2 2 2 2
left_child=1 5 3 -3 -5 -1 -7 9 -9 10 -2
right_child=7 2 -4 4 -6 6 -8 8 -10 -11 -12
leaf_value=-0.066362269045193892 -0.054123002742887366 0.084794250105357696 0.024043599110716577 0.030902930552340294 0.083820406668213332 -0.054814693796250882 -0.058650242359639553 -0.054430572925366676 -0.056721666908720741 -0.054389581916743493 -0.054204781271734365
leaf_weight=2.4619878008961669 1.829753585159777 37.322454571723938 10.499071627855299 8.235587917268278 9.9575473070144636 2.2770835533738136 2.1204105392098427 1.7815900668501856 1.8036430627107618 1.4741773456335066 1.429428197443485
leaf_count=16 26 30 38 38 8 29 17 24 18 20 20
internal_value=0.0448042 0.0561756 0.0682623 0.0766249 0.059866 -0.060145 -0.0566641 -0.0548136 -0.0555832 -0.0542307 -0.0541589
internal_weight=81.1927 72.8741 66.0147 55.5156 18.1931 6.85948 4.39749 8.31859 3.58523 4.73336 3.25918
internal_count=284 176 114 76 46 62 46 108 42 66 46
is_linear=0
shrinkage=0.05


Tree=16
num_leaves=11
num_cat=0
split_feature=16 9 3 0 19 3 19 32 16 6
split_gain=37.4412 15.1478 16.6322 14.5812 1.64798 3.067 0.0468504 0.001697 0.00111734 0.000107399
threshold=36.250000000000007 0.0067327152472919502 17.349019749233982 10.340483715023874 0.79198561207784646 69.228668832298695 0.85800653038673558 1.0000000180025095e-35 27.083333333333339 2.2100363547212463
decision_type=2 2 2 2 2 2 2 2 2 2
left_child=7 2 -2 -3 -4 -6 -5 8 9 -1
right_child=1 3 4 6 5 -7 -8 -9 -10 -11
leaf_value=-0.053959139892077679 -0.019388871694184559 0.074354803970759484 0.07731638642293033 -0.064359831961009237 0.035319490481659686 0.077306767398474044 -0.054737672293884446 -0.056194922622141708 -0.055711657216123991 -0.05441902122835543
leaf_weight=2.6464935764670354 5.4988546073436728 3.3055569753050786 39.587185546755791 2.9205830618739128 7.7262866050004986 9.9507793262600881 2.2317189052700996 2.0147209689021111 1.5539428815245626 2.4400492087006569
leaf_count=39 29 12 39 18 36 10 29 21 18 33
internal_value=0.0432739 0.0552075 0.0636723 -0.00760752 0.0716484 0.058955 -0.060192 -0.0549239 -0.0545382 -0.0541797
internal_weight=79.8762 71.221 62.7631 8.45786 57.2643 17.6771 5.1523 8.65521 6.64049 5.08654
internal_count=284 173 114 59 85 46 47 111 90 72
is_linear=0
shrinkage=0.05


Tree=17
num_leaves=12
num_cat=0
split_feature=16 22 21 22 22 23 14 32 16 0 6
split_gain=34.4168 14.9893 16.1683 10.7422 10.1587 0.446541 0.0376641 0.00143895 0.000952903 0.00020145 9.13922e-05
threshold=36.250000000000007 1.2635804655306389 0.81774982091025639 -0.21855547350210297 -0.66881412900639414 -0.21520784569460352 0.10718332960562732 1.0000000180025095e-35 27.083333333333339 44.549022872459879 2.2100363547212463
decision_type=2 2 2 2 2 2 2 2 2 2 2
left_child=7 3 -3 4 -2 -5 9 8 10 -4 -1
right_child=1 2 6 5 -6 -7 -8 -9 -10 -11 -12
leaf_value=-0.053751236171289567 -0.026693467710645277 0.068666660442611702 -0.054090780694105084 0.08011055493955474 0.060778172201756755 0.070139145923446236 -0.063051596504362956 -0.0558583424142877 -0.055406397793628284 -0.05481450585090817 -0.054185338963033784
leaf_weight=2.5269134230911714 5.7603569477796555 4.5352694466710073 2.5035555139183998 19.156244039535515 7.8326246142387372 27.126970820128925 1.8029310405254362 1.9277171641588209 1.4860938340425489 1.5610713884234426 2.330803245306015
leaf_count=39 32 8 36 16 15 33 13 21 18 20 33
internal_value=0.0418098 0.0531641 -0.00223444 0.062789 0.0237099 0.0742662 -0.0570367 -0.054662 -0.0542985 -0.0543687 -0.0539595
internal_weight=78.5506 70.279 10.4028 59.8762 13.593 46.2832 5.86756 8.27153 6.34381 4.06463 4.85772
internal_count=284 173 77 96 47 49 69 111 90 56 72
is_linear=0
shrinkage=0.05


Tree=18
num_leaves=13
num_cat=0
split_feature=16 9 0 3 34 6 4 4 35 32 16 6
split_gain=31.7296 12.7254 15.4754 15.1374 1.62049 6.17825 8.08884 6.83373 0.0332518 0.00122114 0.000813097 7.78183e-05
threshold=36.250000000000007 0.0067327152472919502 7.6980177387147863 17.349019749233982 1623.9903131000003 1.2115307783060565 20.862870560910533 51.720841837037 12.500000000000002 1.0000000180025095e-35 27.083333333333339 2.2100363547212463
decision_type=2 2 2 2 2 2 2 2 2 2 2 2
left_child=9 3 -3 -2 -5 -6 -7 -8 -4 10 11 -1
right_child=1 2 8 4 5 6 7 -9 -10 -11 -12 -13
leaf_value=-0.053554987407705201 -0.019906384492792611 0.084658137260617494 -0.063105327591827992 0.077290080636755354 0.076184109974004252 0.077646191820733207 -0.060610011755935438 0.041466967416437295 -0.055114088319606395 -0.055541828150313416 -0.055118820906485504 -0.053964923270590548
leaf_weight=2.4122598133981219 5.5036583170294753 2.9318931922316533 2.4434905722737312 22.726048186421394 20.983522415161133 5.188254386186598 3.0539119020104408 3.5404459312558174 2.7859177030622959 1.8438863158226011 1.4208049103617666 2.225955281406641
leaf_count=39 29 6 17 20 18 6 31 10 36 21 18 33
internal_value=0.040495 0.0513408 -0.00729442 0.0591862 0.0670305 0.0599147 0.0309407 -0.00580588 -0.0588481 -0.0544152 -0.0540723 -0.0537517
internal_weight=77.06 69.1571 8.1613 60.9958 55.4922 32.7661 11.7826 6.59436 5.22941 7.90291 6.05902 4.63822
internal_count=284 173 59 114 85 65 47 41 53 111 90 72
is_linear=0
shrinkage=0.05


Tree=19
num_leaves=12
num_cat=0
split_feature=16 22 20 3 3 23 15 32 16 0 6
split_gain=29.3946 12.6269 15.3967 10.0917 7.82381 0.316137 0.0288059 0.00103709 0.000694143 0.000260602 6.62992e-05
threshold=36.250000000000007 1.2635804655306389 0.23457049241782538 20.477065779203173 17.349019749233982 -0.21520784569460352 0.16039375447620177 1.0000000180025095e-35 27.083333333333339 43.030723131339762 2.2100363547212463
decision_type=2 2 2 2 2 2 2 2 2 2 2
left_child=7 3 -3 4 -2 -5 9 8 10 -4 -1
right_child=1 2 6 5 -6 -7 -8 -9 -10 -11 -12
leaf_value=-0.053369662854389648 -0.021795909549924556 0.069252162740518056 -0.053756920035864852 0.074535590454008704 0.056462295031868497 0.066116686165915053 -0.06196814361909269 -0.055243993313906961 -0.054847756352007886 -0.054583855507899987 -0.053756928871811362
leaf_weight=2.3023790456354609 6.0274258777499181 4.2910468280315381 2.5089504979550838 20.528013229370117 6.7932433784008026 24.410494834184647 1.616041451692581 1.7631755396723745 1.3580217435955999 1.5360228680074213 2.1253795325756073
leaf_count=39 35 5 39 18 13 30 12 21 18 21 33
internal_value=0.0394031 0.0498367 -0.00217988 0.0587993 0.0196705 0.0699625 -0.0563253 -0.0541824 -0.0538589 -0.0540709 -0.0535556
internal_weight=75.2602 67.7112 9.95206 57.7592 12.8207 44.9385 5.66101 7.54896 5.78578 4.04497 4.42776
internal_count=284 173 77 96 48 48 72 111 90 60 72
is_linear=0
shrinkage=0.05


Tree=20
num_leaves=12
num_cat=0
split_feature=19 22 6 22 15 34 28 34 15 31 14
split_gain=26.4429 30.4133 6.20955 2.4393 3.78815 0.057761 0.00526512 0.00143176 0.00193678 7.41696e-05 2.91802e-05
threshold=0.90993794372948644 -0.75732709202823489 5.3681932152772616 0.49245268482297727 1.0486103309374442 3007.2737124083337 0.76524308300959898 2576.990488391667 0.066634472402540459 1.0000000180025095e-35 0.029890228154839254
decision_type=2 2 2 2 2 2 2 2 2 2 2
left_child=1 5 3 -3 -5 -1 -7 9 -9 10 -2
right_child=7 2 -4 4 -6 6 -8 8 -10 -11 -12
leaf_value=-0.065749152327867377 -0.053422352041936218 0.074266871865352455 0.025254841559156711 0.025098675839081964 0.072939502953516977 -0.053705890277797035 -0.057470643148160243 -0.053553239301164547 -0.056061840855418155 -0.0531394491204411 -0.053761650439758071
leaf_weight=2.2718228027224532 1.2529256753623479 32.628465414047241 11.319512709975241 7.7196910083293941 8.9178005456924421 1.8180079050362112 1.8985390588641164 1.463107727468014 1.6227887049317358 1.3896774873137476 1.2821009941399095
leaf_count=16 21 29 38 39 8 29 17 24 18 25 20
internal_value=0.0382981 0.0480246 0.0586494 0.0663222 0.0507417 -0.0594683 -0.0556291 -0.0540666 -0.0548724 -0.053433 -0.053594
internal_weight=73.5844 66.5738 60.5855 49.266 16.6375 5.98837 3.71655 7.0106 3.0859 3.9247 2.53503
internal_count=284 176 114 76 47 62 46 108 42 66 41
is_linear=0
shrinkage=0.05


Tree=21
num_leaves=12
num_cat=0
split_feature=16 22 1 15 8 19 32 16 34 34 34
split_gain=26.0567 12.8714 10.5558 19.6656 1.10766 0.0875864 0.000885492 0.000778916 0.000265286 4.9712e-05 7.33215e-06
threshold=36.250000000000007 -0.66881412900639414 60.598920411756659 0.70485423219737109 0.13291202122910231 0.90993794372948644 1.0000000180025095e-35 20.416666666666671 2637.4320423083336 2137.4240157250006 3195.6487685500001
decision_type=2 2 2 2 2 2 2 2 2 2 2
left_child=6 -2 4 5 -3 -4 7 9 -7 -1 -11
right_child=1 2 3 -5 -6 8 -8 -9 -10 10 -12
leaf_value=-0.053445533660952775 -0.026382200392333927 0.053758557698974363 -0.066971802108226897 0.062950159739440459 0.070752135822209003 -0.053419507052224979 -0.054929189214086155 -0.054498162727289627 -0.054332914164555601 -0.052980760864634852 -0.053158180601925765
leaf_weight=1.3623754121363156 5.4531748518347731 13.758241541683672 1.9540225341916073 8.6256280988454801 31.644247326999903 2.2483527883887295 1.6743791922926901 1.7020163983106611 1.2296951003372667 1.2200302816927435 1.1140884533524511
leaf_count=23 32 23 11 12 39 38 21 24 18 23 20
internal_value=0.0372078 0.0471375 0.0538801 0.0160198 0.0656026 -0.0585013 -0.0539246 -0.0536131 -0.0537425 -0.0532055 -0.0530654
internal_weight=71.9863 64.9134 59.4602 14.0577 45.4025 5.43207 7.07289 5.39851 3.47805 3.69649 2.33412
internal_count=284 173 141 79 62 67 111 90 56 66 43
is_linear=0
shrinkage=0.05


Tree=22
num_leaves=11
num_cat=0
split_feature=16 22 22 22 34 15 16 1 14 7
split_gain=24.1428 11.8981 10.6632 11.3756 1.67718 0.0243752 0.000633716 0.00042479 0.000195833 0.000151424
threshold=36.250000000000007 -0.66881412900639414 0.99599653568105861 1.6443303195639469 2881.8403344833337 0.16039375447620177 2.0833333333333339 62.907905977579055 0.031824851682262754 1.4035902688452946
decision_type=2 2 2 2 2 2 2 2 2 2
left_child=6 -2 4 -4 -3 8 9 -8 -5 -1
right_child=1 2 3 5 -6 -7 7 -9 -10 -11
leaf_value=-0.053640401210487611 -0.025375860243928711 0.069418679633592759 0.048441669207770856 -0.053186831688562586 0.049628148232727966 -0.061605749746614841 -0.054587280361398788 -0.05341644007235688 -0.054022338573785501 -0.052947226899195614
leaf_weight=1.3074071519076818 5.3876641467213622 30.937299102544785 6.6789327040314657 1.5619073472917082 16.370132111012936 1.4104153364896772 2.2930381447076802 1.1699146553874014 1.2729012332856653 1.9826068207621572
leaf_count=22 32 30 22 28 30 11 31 20 20 38
internal_value=0.0361701 0.0457116 0.0522887 0.00776362 0.0625704 -0.0562344 -0.0537196 -0.0541917 -0.053562 -0.0532227
internal_weight=70.3722 63.6193 58.2316 10.9242 47.3074 4.24522 6.75297 3.46295 2.83481 3.29001
internal_count=284 173 141 81 60 59 111 51 48 60
is_linear=0
shrinkage=0.05


Tree=23
num_leaves=11
num_cat=0
split_feature=16 22 1 35 21 19 32 16 0 6
split_gain=22.3835 11.0051 9.47382 17.0204 1.12283 0.0907911 0.000643214 0.000569291 0.000338944 4.66068e-05
threshold=36.250000000000007 -0.66881412900639414 60.598920411756659 12.500000000000002 1.0000000180025095e-35 0.90993794372948644 1.0000000180025095e-35 20.416666666666671 43.030723131339762 2.2100363547212463
decision_type=2 2 2 2 2 2 2 2 2 2
left_child=6 -2 4 -4 -3 -5 7 9 -7 -1
right_child=1 2 3 5 -6 8 -8 -9 -10 -11
leaf_value=-0.052719036517432344 -0.024400042239535624 0.06877908546380565 0.05704374294551532 -0.067064954640579919 0.052453542273334292 -0.052978280220461527 -0.054421690698824549 -0.054039414334939931 -0.054103295345144242 -0.05309453725110496
leaf_weight=1.9036403857171529 5.3246131390333167 25.717743381857872 8.4981174692511541 2.2146838307380667 17.836883377283812 1.5818504691123965 1.5293565839529035 1.5530198179185388 1.1607936210930345 1.460233077406883
leaf_count=39 32 27 19 12 35 30 21 24 18 27
internal_value=0.0351713 0.0443439 0.0507644 0.0140932 0.0620933 -0.0595349 -0.0535262 -0.0532476 -0.0534544 -0.052882
internal_weight=68.7809 62.3347 57.0101 13.4554 43.5546 4.95733 6.44625 4.91689 2.74264 3.36387
internal_count=284 173 141 79 62 60 111 90 48 66
is_linear=0
shrinkage=0.05


Tree=24
num_leaves=12
num_cat=0
split_feature=19 22 23 20 11 16 16 19 1 16 14
split_gain=20.9638 16.902 6.01936 5.61381 6.86715 2.46707 0.0227262 0.00261447 0.000586554 6.03658e-05 2.67757e-05
threshold=0.90993794372948644 -0.66881412900639414 -1.6323738582425869 0.82407559509499118 0.72396837690644789 75.833333333333357 36.250000000000007 0.93091676938783696 62.02304819201823 36.250000000000007 0.029890228154839254
decision_type=2 2 2 2 2 2 2 2 2 2 2
left_child=1 2 -1 5 -5 -3 -4 -2 -9 -10 -11
right_child=7 3 6 4 -6 -7 -8 8 9 10 -12
leaf_value=0.04882986831171398 -0.055772193945383831 0.045044351973185931 -0.05285930510855618 0.060599939711921617 -0.01589466864714937 0.070117331808918146 -0.060096342114917184 -0.054099439764262937 -0.052564115973429082 -0.052832838144493591 -0.053161592888876001
leaf_weight=1.7774861790239809 1.2208064757287491 15.432648465037344 1.555168468505143 5.8003920465707761 5.9370591975748539 26.932710349559784 3.5865235775709152 1.3004097677767275 1.1579119078814986 1.2080070190131666 1.2709942944347856
leaf_count=5 15 39 31 9 36 27 29 21 25 24 23
internal_value=0.0342229 0.0430958 -0.0304874 0.0525063 0.0219073 0.0609839 -0.0579074 -0.0537003 -0.053188 -0.0528622 -0.0530014
internal_weight=67.1801 61.022 6.91918 54.1028 11.7375 42.3654 5.14169 6.15813 4.93732 3.63691 2.479
internal_count=284 176 65 111 45 66 60 108 93 72 47
is_linear=0
shrinkage=0.05


Tree=25
num_leaves=14
num_cat=0
split_feature=19 35 9 3 7 20 20 7 20 19 1 0 11
split_gain=19.4662 14.9051 8.33073 7.16905 6.60711 9.76091 0.149268 0.183786 0.059626 0.00223231 0.000503662 3.89289e-05 2.25884e-05
threshold=0.90993794372948644 13.500000000000002 0.0049753591127921007 14.242260451978355 7.8950805607701922 -1.0000000180025095e-35 -0.88270685301709106 0.91927792110899609 0.82407559509499118 0.93091676938783696 62.02304819201823 42.149280486211204 0.75736044873337649
decision_type=2 2 2 2 2 2 2 2 2 2 2 2 2
left_child=1 2 6 -3 5 -4 -1 -8 -5 -2 -11 12 -12
right_child=9 3 4 8 -6 -7 7 -9 -10 10 11 -13 -14
leaf_value=0.069467227549611446 -0.055466552221044754 0.050194200774461843 -0.074326450557434628 -0.05536743485115167 0.068810955974204502 0.028986247684097917 0.067302240747425232 0.058824467324089962 -0.066497611560718525 -0.053888405709684596 -0.052485302875629372 -0.052980029556108622 -0.052793091313974694
leaf_weight=9.888118624687193 1.1675040945410717 2.0856746807694426 3.1708872616291037 2.4774055853486061 5.068021982908248 8.1947566606104392 10.766892194747927 15.735671021044253 2.3397039920091629 1.2417097948491571 1.4819772392511374 0.98976450040936459 0.99721553921699513
leaf_count=10 15 8 23 38 7 37 11 29 13 21 33 19 20
internal_value=0.0333078 0.0418521 0.0508812 -0.0272446 0.0213336 0.000163163 0.0642246 0.0622686 -0.0607734 -0.0535093 -0.0530243 -0.0527149 -0.0526091
internal_weight=65.6053 59.7271 52.8243 6.90278 16.4337 11.3656 36.3907 26.5026 4.81711 5.87817 4.71067 3.46896 2.47919
internal_count=284 176 117 59 67 60 50 40 51 108 93 72 53
is_linear=0
shrinkage=0.05


Tree=26
num_leaves=13
num_cat=0
split_feature=16 34 34 33 4 23 16 18 34 16 2 19
split_gain=19.2955 8.90331 7.46123 6.79817 6.19957 4.35076 0.778817 0.00424772 0.000781048 0.000463409 8.97178e-05 2.36556e-05
threshold=36.250000000000007 3195.6487685500001 3989.4905954750006 1.0000000180025095e-35 48.339247291143231 0.42325422243417982 81.250000000000014 0.46020202164097812 544.43186106666678 20.416666666666671 -0.37800286417352774 0.91665979983503554
decision_type=2 2 2 2 2 2 2 2 2 2 2 2
left_child=8 3 5 6 7 -3 -2 -5 -1 10 -10 -12
right_child=1 2 -4 4 -6 -7 -8 -9 9 -11 11 -13
leaf_value=-0.054345154901291173 0.066044460945855657 -0.066904436112713642 0.049097202443079392 -0.052818452493671536 0.038139959854126576 0.01305874819806806 0.051002632820000116 -0.056990410559885754 -0.053054538343983063 -0.053767078034733622 -0.052648592513111471 -0.052314919182455823
leaf_weight=1.4267058707773674 23.726479470729828 3.8009800314903242 5.0098295882344246 1.4741371534764751 6.3830052353441715 3.0790832042694092 13.5028805360198 1.0409538857638834 1.0136598646640775 1.3792800381779668 1.0693067014217383 1.0554494038224218
leaf_count=20 25 26 12 30 19 15 31 15 20 23 23 25
internal_value=0.0324699 0.0412604 0.00268086 0.0512048 0.0119421 -0.0311179 0.0605889 -0.0545452 -0.0533253 -0.0530032 -0.0526675 -0.0524828
internal_weight=63.9618 58.0173 11.8899 46.1275 8.8981 6.88006 37.2294 2.51509 5.9444 4.5177 3.13842 2.12476
internal_count=284 173 53 120 64 41 56 45 111 91 68 48
is_linear=0
shrinkage=0.05


Tree=27
num_leaves=14
num_cat=0
split_feature=22 35 11 9 7 19 3 16 19 22 0 19 23
split_gain=17.9974 12.8214 6.6943 5.43891 6.17682 6.26653 3.45322 0.654333 0.0510525 0.0437445 0.000684106 9.63225e-05 2.94147e-05
threshold=1.6443303195639469 13.500000000000002 0.76957419718182873 0.0049753591127921007 7.8950805607701922 0.4131990605500756 32.465093750462501 64.583333333333357 0.8146245656443577 -0.66881412900639414 44.549022872459879 0.93893704709520687 0.2792686401143038
decision_type=2 2 2 2 2 2 2 2 2 2 2 2 2
left_child=1 3 9 7 5 -5 -7 -1 -2 -3 11 -10 -13
right_child=8 2 -4 4 -6 6 -8 -9 10 -11 -12 12 -14
leaf_value=0.050248917920047764 -0.064962396130270147 -0.055164848148333237 0.047968991403159411 -0.065257534954898833 0.071245882076291137 0.062706994164600877 -0.0038089064845174786 0.064486573586884491 -0.053013768833751473 -0.06502895270516959 -0.054037979814938832 -0.052599177376845357 -0.052212844772442583
leaf_weight=12.593375600874422 1.1341291517019261 2.2730136103928089 2.1066099144518375 2.5842215381562692 4.7135068029165259 3.3797812163829803 4.6165113188326359 22.465699344873428 1.0738643519580366 2.2233466058969489 1.2052647955715654 1.1012718714773653 0.89158451929688443
leaf_count=36 7 36 10 21 6 4 36 28 21 13 20 24 22
internal_value=0.0316528 0.0399281 -0.0255825 0.0485188 0.0236387 0.00243014 0.0243053 0.0593723 -0.0555322 -0.0600424 -0.0530287 -0.052632 -0.0524263
internal_weight=62.3622 56.9561 6.60297 50.3531 15.294 10.5805 7.99629 35.0591 5.40611 4.49636 4.27199 3.06672 1.99286
internal_count=284 190 59 131 67 61 40 64 94 49 87 67 46
is_linear=0
shrinkage=0.05


Tree=28
num_leaves=13
num_cat=0
split_feature=22 35 35 9 7 20 21 28 20 15 0 20
split_gain=16.7603 11.894 6.25041 5.16142 5.70564 9.34521 0.601381 0.0459525 0.0341144 0.000929743 9.38395e-05 1.8286e-05
threshold=1.6443303195639469 13.500000000000002 16.500000000000004 0.0049753591127921007 7.8950805607701922 -1.0000000180025095e-35 0.62649683208747164 0.69674334219465128 0.82407559509499118 0.14368046207896987 42.149280486211204 1.05929790450357
decision_type=2 2 2 2 2 2 2 2 2 2 2 2
left_child=1 3 8 6 5 -5 -1 9 -3 10 11 -2
right_child=7 2 -4 4 -6 -7 -8 -9 -10 -11 -12 -13
leaf_value=0.063040054217150449 -0.052457101528834926 -0.055270838504535028 0.044546751299689026 -0.072777653099477993 0.069118522258166823 0.032220002074652726 0.049225367495863537 -0.064690825422301479 -0.064174799104841751 -0.054179654693527847 -0.052892561911016205 -0.052164276503406416
leaf_weight=21.745652705430984 0.88391285017132748 2.1559069566428652 2.1586386188864708 2.9620598331093744 4.6180824786424628 7.4473745524883297 12.352990571409462 1.0295842885971067 2.1471058428287506 1.0410550981760023 0.87108656018972386 1.3434609323740003
leaf_count=28 20 33 13 23 6 38 36 6 13 16 18 34
internal_value=0.0308802 0.0388883 -0.0248835 0.0472763 0.0228632 0.00234236 0.0580354 -0.055238 -0.0597137 -0.0528869 -0.0524526 -0.0522805
internal_weight=60.7569 55.5878 6.46165 49.1262 15.0275 10.4094 34.0986 5.1691 4.30301 4.13952 3.09846 2.22737
internal_count=284 190 59 131 67 61 64 94 46 88 72 54
is_linear=0
shrinkage=0.05


Tree=29
num_leaves=12
num_cat=0
split_feature=19 22 34 15 9 21 22 26 19 34 26
split_gain=16.0773 12.6128 5.41805 4.24755 1.87424 1.70892 0.0183405 0.00469412 0.00252377 0.000628208 3.50403e-05
threshold=0.90993794372948644 -0.66881412900639414 3248.1319845250005 1.1527074893528833 0.0047910868259758007 -0.68573156282298842 -1.12841245652802 0.78589840037042979 0.93091676938783696 2539.5317893916667 1.2643822225331427
decision_type=2 2 2 2 2 2 2 2 2 2 2
left_child=1 3 4 -1 -3 -6 7 -5 -2 10 -10
right_child=8 2 -4 6 5 -7 -8 -9 9 -11 -12
leaf_value=0.032614103760595127 -0.055386751587938113 0.062252748649897598 0.0133563115837436 -0.052507424411675108 0.065363085863461109 0.02328848446653493 -0.061531952583698493 -0.056740157228112022 -0.052408512604598161 -0.053414833561995237 -0.052015045033242224
leaf_weight=1.9072637334465969 1.1180441267788399 27.478190671652555 9.6244809627532941 1.2465457841753957 3.6604356765747017 7.0837206095457113 1.5925785042345526 1.3803329430520532 0.9455911256372932 1.7949510551989076 1.4089232198894022
leaf_count=8 15 35 36 29 4 36 13 15 22 33 38
internal_value=0.0301001 0.0382373 0.0468864 -0.0293083 0.0553294 0.0376229 -0.0572983 -0.0547316 -0.0532783 -0.0527102 -0.0521731
internal_weight=59.2411 53.9735 47.8468 6.12672 38.2223 10.7442 4.21946 2.62688 5.26751 4.14947 2.35451
internal_count=284 176 111 65 75 40 57 44 108 93 60
is_linear=0
shrinkage=0.05


Tree=30
num_leaves=12
num_cat=0
split_feature=16 22 22 22 34 19 34 16 34 23 19
split_gain=16.4805 7.42045 7.5451 7.58611 1.91064 0.0291319 0.00143071 0.000336225 0.000276379 0.00013188 1.44203e-05
threshold=36.250000000000007 -0.66881412900639414 0.99599653568105861 1.6443303195639469 2892.2653211166667 0.91665979983503554 544.43186106666678 15.833333333333334 2506.9903594916673 -0.33644517594181139 0.91665979983503554
decision_type=2 2 2 2 2 2 2 2 2 2 2
left_child=6 -2 4 -4 -3 -5 -1 9 -7 -8 -11
right_child=1 2 3 5 -6 8 7 -9 -10 10 -12
leaf_value=-0.054539887396258507 -0.022189749495059322 0.061518025304043246 0.036990572664558401 -0.062350129621522754 0.03738270767661072 -0.052182339860038507 -0.052850339919357558 -0.053328845674217987 -0.053332774461188871 -0.052239818606172606 -0.051943921647081052
leaf_weight=1.4596995525062073 4.6630030572414389 26.019511207938194 6.2344871498644334 1.201014079153538 11.973317973315714 1.2975784875452521 0.926222763955593 1.424071606248617 0.87349935621023167 0.90893933176994346 0.75274172425270081
leaf_count=20 32 32 22 9 28 33 20 27 17 23 21
internal_value=0.0293612 0.0380049 0.0439018 0.0043134 0.0539119 -0.0561017 -0.0531995 -0.0527118 -0.0526452 -0.0523723 -0.0521058
internal_weight=57.7341 52.2624 47.5994 9.60658 37.9928 3.37209 5.47167 4.01198 2.17108 2.5879 1.66168
internal_count=284 173 141 81 60 59 111 91 50 64 44
is_linear=0
shrinkage=0.05


Tree=31
num_leaves=12
num_cat=0
split_feature=19 22 34 15 9 29 34 18 19 0 26
split_gain=14.304 10.8795 5.33297 5.00403 1.85679 1.14817 0.0184282 0.00293596 0.00238642 0.00060313 5.56362e-05
threshold=0.90993794372948644 -0.66881412900639414 3248.1319845250005 1.1136630402851704 0.0047910868259758007 -0.0035340921955448828 3007.2737124083337 1.1495168243127121 0.93091676938783696 43.030723131339762 1.2643822225331427
decision_type=2 2 2 2 2 2 2 2 2 2 2
left_child=1 3 4 -1 -3 -6 -5 -8 -2 10 -10
right_child=8 2 -4 6 5 -7 7 -9 9 -11 -12
leaf_value=0.046207552615372072 -0.055194104765867093 0.060735047169273221 0.01161312750073828 -0.060890223126415989 0.057903661420004526 0.023032682721753059 -0.052159389817322127 -0.055557417423060584 -0.052286683526686528 -0.053401093318801156 -0.051818133245675579
leaf_weight=1.6431745290756214 1.0611093565821637 25.633356567472219 9.6158896684646589 1.6149050574749706 3.6841573677957005 6.5706009604036844 1.1224834434688093 1.4657452739775179 1.3679326400160796 1.2768193334341047 1.1801338307559488
leaf_count=4 15 35 36 15 7 33 29 17 34 24 35
internal_value=0.0286535 0.036432 0.0446813 -0.0277758 0.0535416 0.0355605 -0.0566989 -0.0540837 -0.0530961 -0.0525141 -0.0520697
internal_weight=56.2363 51.3503 45.504 5.84631 35.8881 10.2548 4.20313 2.58823 4.886 3.82489 2.54807
internal_count=284 176 111 65 75 40 61 46 108 93 69
is_linear=0
shrinkage=0.05


Tree=32
num_leaves=14
num_cat=0
split_feature=16 10 3 0 19 19 12 22 34 4 16 23 12
split_gain=14.9392 7.93537 9.03086 3.612 1.44024 3.5099 4.49347 0.914626 0.00151013 0.00115852 0.000352234 0.000104013 1.82532e-05
threshold=36.250000000000007 10.41666666666667 17.349019749233982 20.557714755350421 0.80037877511351752 0.87313469563704482 -0.12860838550797893 0.071021804471233504 544.43186106666678 38.89673489494772 15.833333333333334 -0.33644517594181139 0.085128706785257621
decision_type=2 2 2 2 2 2 2 2 2 2 2 2 2
left_child=8 3 -3 -2 7 -6 -7 -4 -1 -8 11 -10 -13
right_child=1 2 4 -5 5 6 9 -9 10 -11 -12 12 -14
leaf_value=-0.054452546468083098 0.029271677832453519 -0.019988739797743085 0.046637241281695337 -0.060508978067199695 0.061142370948868013 0.048657005163995314 -0.051992702652623062 0.064139277934133973 -0.052617619651753558 -0.054372214172600901 -0.053186878297133568 -0.051773957361599426 -0.052123360670054755
leaf_weight=1.4333794005215157 1.8394058160483826 5.073175285011529 13.610275015234949 2.8654170371592045 5.3674966692924482 2.2995681315660432 1.0097736250609206 16.531156063079834 0.85071501508355174 1.0366795696318147 1.3501871787011621 0.8532174024730923 0.66521168500185013
leaf_count=20 12 29 26 31 7 3 28 20 20 17 27 26 18
internal_value=0.0279603 0.036373 0.0428426 -0.0254082 0.0508405 0.0340972 0.000695504 0.0562363 -0.0530737 -0.0531981 -0.0525423 -0.052175 -0.051927
internal_weight=54.7857 49.6329 44.9281 4.70482 39.8549 9.71352 4.34602 30.1414 5.15271 2.04645 3.71933 2.36914 1.51843
internal_count=284 173 130 43 101 55 48 46 111 45 91 64 44
is_linear=0
shrinkage=0.05


end of trees

feature_importances:
atr_pct=43
dev_z_ema200=43
donchian_q=35
event_proximity_min=35
atr_14=21
adx_14=16
session_eu=16
pullback_depth=15
minus_di=11
dev_z_ema20=11
h1_adx=10
rsi_14=9
plus_di=9
body_ratio=9
spread_atr=9
macd_slope3=9
macro_risk_score=8
bbw=7
hurst=7
mm=6
dev_z_ema60=5
di_ratio=5
close_mom_atr=5
er=4
bbw_pct=4
ema20_dist_atr=4
di_net=4
body_wick_ratio=3
session_asia=3
macd=2
spread_atr_log=2
session_us=1

parameters:
[boosting: gbdt]
[objective: binary]
[metric: auc,binary_logloss]
[tree_learner: serial]
[device_type: cpu]
[data_sample_strategy: bagging]
[data: ]
[valid: ]
[num_iterations: 300]
[learning_rate: 0.05]
[num_leaves: 15]
[num_threads: 24]
[seed: 42]
[deterministic: 0]
[force_col_wise: 0]
[force_row_wise: 0]
[histogram_pool_size: -1]
[max_depth: -1]
[min_data_in_leaf: 20]
[min_sum_hessian_in_leaf: 0.001]
[bagging_fraction: 0.8]
[pos_bagging_fraction: 1]
[neg_bagging_fraction: 1]
[bagging_freq: 0]
[bagging_seed: 400]
[bagging_by_query: 0]
[feature_fraction: 0.8]
[feature_fraction_bynode: 1]
[feature_fraction_seed: 30056]
[extra_trees: 0]
[extra_seed: 12879]
[early_stopping_round: 0]
[early_stopping_min_delta: 0]
[first_metric_only: 0]
[max_delta_step: 0]
[lambda_l1: 0]
[lambda_l2: 0]
[linear_lambda: 0]
[min_gain_to_split: 0]
[drop_rate: 0.1]
[max_drop: 50]
[skip_drop: 0.5]
[xgboost_dart_mode: 0]
[uniform_drop: 0]
[drop_seed: 17869]
[top_rate: 0.2]
[other_rate: 0.1]
[min_data_per_group: 100]
[max_cat_threshold: 32]
[cat_l2: 10]
[cat_smooth: 10]
[max_cat_to_onehot: 4]
[top_k: 20]
[monotone_constraints: ]
[monotone_constraints_method: basic]
[monotone_penalty: 0]
[feature_contri: ]
[forcedsplits_filename: ]
[refit_decay_rate: 0.9]
[cegb_tradeoff: 1]
[cegb_penalty_split: 0]
[cegb_penalty_feature_lazy: ]
[cegb_penalty_feature_coupled: ]
[path_smooth: 0]
[interaction_constraints: ]
[verbosity: -1]
[saved_feature_importance_type: 0]
[use_quantized_grad: 0]
[num_grad_quant_bins: 4]
[quant_train_renew_leaf: 0]
[stochastic_rounding: 1]
[linear_tree: 0]
[max_bin: 255]
[max_bin_by_feature: ]
[min_data_in_bin: 3]
[bin_construct_sample_cnt: 200000]
[data_random_seed: 175]
[is_enable_sparse: 1]
[enable_bundle: 1]
[use_missing: 1]
[zero_as_missing: 0]
[feature_pre_filter: 1]
[pre_partition: 0]
[two_round: 0]
[header: 0]
[label_column: ]
[weight_column: ]
[group_column: ]
[ignore_column: ]
[categorical_feature: ]
[forcedbins_filename: ]
[precise_float_parser: 0]
[parser_config_file: ]
[objective_seed: 16083]
[num_class: 1]
[is_unbalance: 0]
[scale_pos_weight: 5.17391]
[sigmoid: 1]
[boost_from_average: 1]
[reg_sqrt: 0]
[alpha: 0.9]
[fair_c: 1]
[poisson_max_delta_step: 0.7]
[tweedie_variance_power: 1.5]
[lambdarank_truncation_level: 30]
[lambdarank_norm: 1]
[label_gain: ]
[lambdarank_position_bias_regularization: 0]
[eval_at: ]
[multi_error_top_k: 1]
[auc_mu_weights: ]
[num_machines: 1]
[local_listen_port: 12400]
[time_out: 120]
[machine_list_filename: ]
[machines: ]
[gpu_platform_id: -1]
[gpu_device_id: -1]
[gpu_device_id_list: ]
[gpu_use_dp: 0]
[num_gpu: 1]

end of parameters

pandas_categorical:[]
