tree
version=v4
num_class=1
num_tree_per_iteration=1
label_index=0
max_feature_idx=39
objective=binary sigmoid:1
feature_names=adx_14 rsi_14 macd atr_14 h1_adx h1_trend_strength plus_di minus_di er bbw bbw_pct hurst mm ema20_dist_atr body_ratio pullback_depth atr_pct spread_num spread_atr donchian_q dev_z_ema20 dev_z_ema60 dev_z_ema200 macd_slope3 body_wick_ratio extreme_reversal di_ratio di_net spread_atr_log close_mom_atr trend_aligned session_asia session_eu session_us event_proximity_min macro_risk_score sentiment_risk_score ds_fake_prob ds_sl_coeff ds_continuity
feature_infos=[0.067060184377794499:74.617158132852552] [22.70456198403572:83.674456751310089] [-2.2385174226511984:6.0019588711905509] [3.5214565299943721:111.95295498057295] [11.402173742662027:56.728022331625752] [0.1140217374266202:0.56728022331625749] [0.59920722545621785:35.82580022339237] [0.397859668851131:28.990571249644844] [0.0018105009052625:0.97162138778333296] [0.0022474456476444002:0.022983243230727399] [0.83333333333333337:99.166666666666686] [0.56962557001860947:0.7867715529502356] [-0.96433375007852717:0.99002865050228817] [0.00031025813951469997:1.8785394291371349] [0.00023889154323369999:0.85893854748600018] [0.0013305956450303999:4.4130652286131626] [0.83333333333333337:100] [17:25] [0.17864646809430421:5.679468092151053] [0.0055701686523376001:0.99990960043392418] [-2.6193917732764862:3.218150099213346] [-3.0793600609755072:3.740213003578607] [-2.7020259913065163:3.9768143111378849] [-2.8530807095129678:4.6220277750857699] [0.094017094017002603:12479.999999727515] [-1:1] [0.14536278880932316:6.4595465368312626] [-0.74617145846624133:0.73188752470644658] [0.16436671916263187:1.8990383574546674] [-0.25850111514484631:0.25100681705701294] none [0:1] [0:1] [0:1] [123.98996941666664:26704.995235800001] [12:18] [3:15] none none none
tree_sizes=1050 965 1506 1396 1401 1395 1491 1502 1389 1613 1511 1609 1505 1505 1407 1509 1307 1509 1728 1510 1405 1605 1511 1506 1509 1724 1502 1402 1397 1500 1510 1619 1610 1722 1407 1397 1313 1620 1514 1512 1409 1631 1515 1409 1513 1626 1720 1638 1733 1736 1514

Tree=0
num_leaves=9
num_cat=0
split_feature=32 4 10 22 6 16 1 0
split_gain=336.732 96.6897 91.3718 80.2591 14.3097 12.2127 0.534318 3.55271e-15
threshold=1.0000000180025095e-35 41.70452825020697 52.916666666666679 0.49429644387919797 6.0390510537093478 77.083333333333357 55.256342428994124 11.443103925112064
decision_type=2 2 2 2 2 2 2 2
left_child=1 4 3 -2 7 -4 -6 -1
right_child=2 -3 5 -5 6 -7 -8 -9
leaf_value=-1.777754595435719 -1.4858471984732724 -1.5437374860223145 -1.4647284968585068 -1.7777545954357192 -1.702053880633118 -1.3935270919471932 -1.6726237974698706 -1.7777545954357192
leaf_weight=3.0939552783966162 5.7324117720127088 7.1504746079444876 10.691334724426271 3.9963589012622833 3.6840986311435691 13.79101976752281 2.6527802050113678 13.922798752784727
leaf_count=24 17 28 28 31 24 20 16 108
internal_value=-1.58383 -1.70461 -1.47613 -1.60576 -1.75387 -1.42462 -1.68973 -1.77775
internal_weight=64.7152 30.5041 34.2111 9.72877 23.3536 24.4824 6.33688 17.0168
internal_count=296 200 96 48 172 48 40 132
is_linear=0
shrinkage=1


Tree=1
num_leaves=8
num_cat=0
split_feature=32 4 10 22 3 34 6
split_gain=230.862 78.3844 52.8956 59.5769 19.3314 9.0801 0.000366224
threshold=1.0000000180025095e-35 41.70452825020697 52.916666666666679 0.49429644387919797 17.468471549216645 2867.4239192416671 5.0933247964946124
decision_type=2 2 2 2 2 2 2
left_child=1 4 3 -2 -1 -4 -6
right_child=2 -3 5 -5 6 -7 -8
leaf_value=0.052899810761021397 0.18874436224551985 0.14735039070666567 0.25500400766298509 -0.058450862891479528 -0.058450862891479528 0.19957575881577003 -0.059092992898423173
leaf_weight=4.9789076745510163 6.6917301267385465 8.0437323153018934 15.84355676174164 3.8339888602495193 15.21227838099003 13.845705583691595 2.5999480485916129
leaf_count=29 17 28 20 31 123 28 20
internal_value=0.11609 0.0131611 0.195011 0.0987036 -0.0341987 0.229155 -0.0585446
internal_weight=71.0498 30.8349 40.215 10.5257 22.7911 29.6893 17.8122
internal_count=296 200 96 48 172 48 143
is_linear=0
shrinkage=0.05


Tree=2
num_leaves=13
num_cat=0
split_feature=22 22 4 7 11 9 31 4 7 4 13 0
split_gain=163.958 163.499 58.3955 19.5224 28.1522 12.0621 0.00931879 0.0013473 0.000579346 0.000218558 7.29546e-10 1.77636e-15
threshold=0.98998922403422651 -0.86789323249868666 52.505246983754141 1.4086172483483879 0.72715680357808177 0.005725188312004601 1.0000000180025095e-35 38.454698375928452 4.3104797242498281 31.660434535684569 0.22299761249010888 27.793522329709042
decision_type=2 2 2 2 2 2 2 2 2 2 2 2
left_child=1 6 7 -3 -5 -6 -1 8 9 10 11 -2
right_child=2 3 -4 4 5 -7 -8 -9 -10 -11 -12 -13
leaf_value=-0.062221707891612604 -0.05797106320421918 0.2099834811389093 0.1592974804167292 0.20178809455492575 0.036764860583894485 0.15053374141180476 -0.058826188158413929 -0.059457736732463129 -0.058919773655619713 -0.058495225839055191 -0.057970039171101106 -0.057971063204219256
leaf_weight=3.8260358422994596 3.9136100560426765 27.380317866802216 3.7743461877107611 10.489195227622988 5.6841309368610364 3.9479534402489662 4.2821472138166428 2.7105984836816779 2.5612213239073744 2.5580130219459525 2.3716640770435333 2.6090733706951141
leaf_count=25 33 31 10 16 30 13 34 21 20 21 20 22
internal_value=0.102528 0.147084 -0.0183463 0.182505 0.145114 0.0833959 -0.0604284 -0.0584373 -0.05824 -0.0580879 -0.0579708 -0.0579711
internal_weight=76.1083 55.6098 20.4985 47.5016 20.1213 9.63208 8.10818 16.7242 14.0136 11.4524 8.89435 6.52268
internal_count=296 149 147 90 59 43 59 137 116 96 75 55
is_linear=0
shrinkage=0.05


Tree=3
num_leaves=12
num_cat=0
split_feature=16 19 7 3 34 32 4 4 34 7 19
split_gain=150.118 133.253 93.0432 32.5213 3.2044 0.0138429 0.0122237 0.00430801 0.000280852 5.84704e-05 1.72892e-05
threshold=35.416666666666679 0.90993794372948644 4.5194625451442958 17.358951223062309 2814.3484016416674 1.0000000180025095e-35 41.70452825020697 26.78171979303352 3146.4918661500005 3.4573848277191503 0.80037877511351752
decision_type=2 2 2 2 2 2 2 2 2 2 2
left_child=5 2 4 7 -2 8 9 -4 10 -3 -1
right_child=1 6 3 -5 -6 -7 -8 -9 -10 -11 -12
leaf_value=-0.057691094126646206 0.19388410006876133 -0.057518414408679677 -0.059496059468464729 0.11519103624772167 0.16781102945260407 -0.061620378992662588 -0.06166964152900687 -0.062206570807490084 -0.058108714874749348 -0.057838985877625593 -0.057521523614844132
leaf_weight=2.3056092634797078 23.512940362095833 3.6360708922147733 2.6733217984437925 4.6992552652955055 23.624419093132019 3.0093316435813895 2.7554148137569427 3.245779350399971 4.0589404925704002 2.3364046812057495 4.319152794778347
leaf_count=20 24 32 20 16 31 21 19 21 34 20 38
internal_value=0.0921293 0.123179 0.150696 0.0169848 0.180817 -0.0586249 -0.0589148 -0.0609824 -0.0577812 -0.0576438 -0.0575805
internal_weight=80.1766 66.4836 57.7557 10.6184 47.1374 13.693 8.72789 5.9191 10.6837 5.97248 6.62476
internal_count=296 183 112 57 55 113 71 41 92 52 58
is_linear=0
shrinkage=0.05


Tree=4
num_leaves=12
num_cat=0
split_feature=16 19 7 3 16 4 31 4 22 23 15
split_gain=125.966 108.608 71.6831 28.1958 2.42848 0.0102997 0.0089646 0.0036008 0.000230696 4.95628e-05 3.52935e-06
threshold=35.416666666666679 0.90993794372948644 4.5194625451442958 17.358951223062309 77.083333333333357 41.70452825020697 1.0000000180025095e-35 26.78171979303352 0.98998922403422651 0.28324862933431078 0.13754734223913526
decision_type=2 2 2 2 2 2 2 2 2 2 2
left_child=6 2 4 7 -2 9 -1 -4 -8 -3 -10
right_child=1 5 3 -5 -6 -7 8 -9 10 -11 -12
leaf_value=-0.060332252950515503 0.14423656131269444 -0.057097844228615774 -0.058948312241153857 0.10223355002970302 0.16669055919798503 -0.060986442725344869 -0.057624825289448511 -0.061476257449899908 -0.057100584523670034 -0.05739935057087675 -0.057183731507036241
leaf_weight=3.4362223297357533 19.437818437814713 3.4834287166595441 2.5659711435437185 5.0210511237382889 31.646686151623726 2.6496469080448151 4.4512877985835075 3.1232253313064575 3.0488848313689232 2.2391856908798218 2.1951698362827301
leaf_count=26 26 32 20 16 29 19 39 21 28 20 20
internal_value=0.0839924 0.110592 0.133489 0.0158779 0.158147 -0.0584091 -0.0581378 -0.0603361 -0.0573601 -0.0572158 -0.0571354
internal_weight=83.2986 70.167 61.7948 10.7102 51.0845 8.37226 13.1316 5.6892 9.69534 5.72261 5.24405
internal_count=296 183 112 57 55 71 113 41 87 52 48
is_linear=0
shrinkage=0.05


Tree=5
num_leaves=12
num_cat=0
split_feature=16 22 3 11 23 3 32 34 34 5 11
split_gain=107.86 84.2116 44.5212 20.7652 5.50324 8.78796 0.00992969 0.00857733 0.000202217 1.23499e-05 1.04068e-05
threshold=35.416666666666679 1.6443303195639469 17.358951223062309 0.76112986986318465 -0.37497406520832188 68.028465418731713 1.0000000180025095e-35 2599.2403820833338 3146.4918661500005 0.21151127711910428 0.75563001802995955
decision_type=2 2 2 2 2 2 2 2 2 2 2
left_child=6 2 3 -2 -4 -6 8 10 9 -1 -3
right_child=1 7 4 -5 5 -7 -8 -9 -10 -11 -12
leaf_value=-0.056847329940989712 -0.062032477357753094 -0.056703178938003619 0.14969930273327836 0.10198774120198383 0.08335529004721072 0.14022911231374774 -0.060319336212902336 -0.06019852919184903 -0.057224547548213871 -0.056700684802997128 -0.05686052305026118
leaf_weight=2.325783506035803 4.5449559688568106 2.0848070904612532 28.703757695853707 3.3534279316663742 10.899564050138002 18.023393899202347 2.7815903872251502 3.2646157965064049 3.728251613676548 3.7515750378370285 2.1190161406993866
leaf_count=22 31 20 28 12 32 16 21 24 34 36 20
internal_value=0.07749 0.1008 0.118931 0.00760582 0.134189 0.118796 -0.0576826 -0.0582757 -0.0569346 -0.0567568 -0.0567825
internal_weight=85.5807 72.9935 65.5251 7.89838 57.6267 28.923 12.5872 7.46844 9.80561 6.07736 4.20382
internal_count=296 183 119 43 76 48 113 64 92 58 40
is_linear=0
shrinkage=0.05


Tree=6
num_leaves=13
num_cat=0
split_feature=19 34 16 4 4 18 24 34 4 22 7 34
split_gain=95.0048 80.945 15.9446 27.1378 11.6476 6.00326 2.33849 0.044016 0.0102762 0.0022887 4.05278e-05 1.22854e-08
threshold=0.90993794372948644 3007.2737124083337 44.583333333333336 44.279507912746617 24.29709449797944 0.58072023038419107 15.853275305946733 3454.623648166667 42.691472177267308 1.6443303195639469 3.4573848277191503 2432.123899858334
decision_type=2 2 2 2 2 2 2 2 2 2 2 2
left_child=1 2 3 5 -3 -1 -4 -6 9 -2 11 -11
right_child=8 4 6 -5 7 -7 -8 -9 -10 10 -12 -13
leaf_value=-0.057296436848202396 -0.05811503027403922 0.032372164544524955 0.11390148645567405 0.13583277269550281 -0.066973342099274455 0.046363305778089343 0.13707374841398731 -0.058912307061527516 -0.060517386126710121 -0.056336663905905582 -0.056599250642106427 -0.056331564666181382
leaf_weight=3.3082104325294477 2.7596005201339704 5.978441193699835 16.104882374405861 6.4859709739685059 2.6989313066005707 2.4172726720571518 33.609847351908684 4.5455022156238556 2.4560156837105742 2.8949850425124168 2.0539046302437782 1.9952947050333021
leaf_count=31 24 35 23 5 15 12 27 37 18 29 20 20
internal_value=0.0720336 0.0930141 0.116993 0.0658015 -0.0192853 -0.0135318 0.129567 -0.0619155 -0.0576282 -0.0568969 -0.0564129 -0.0563346
internal_weight=87.3089 75.1491 61.9262 12.2115 13.2229 5.72548 49.7147 7.24443 12.1598 9.70378 6.94418 4.89028
internal_count=296 185 98 48 87 43 50 52 111 93 69 49
is_linear=0
shrinkage=0.05


Tree=7
num_leaves=13
num_cat=0
split_feature=16 22 18 22 4 34 13 32 34 0 4 15
split_gain=83.8755 55.1862 26.6087 12.9288 6.43727 1.40123 1.73734 0.00701281 0.00178268 0.00028413 5.76269e-05 1.79042e-05
threshold=35.416666666666679 1.4362472820036245 0.79118666826568551 -0.62274319956062585 47.17890287476137 1754.2818998666669 0.048618999774158858 1.0000000180025095e-35 2552.1903779666668 16.347578506330013 26.077530816358035 0.071619729292859313
decision_type=2 2 2 2 2 2 2 2 2 2 2 2
left_child=7 2 5 -4 8 -2 -7 9 11 -1 -11 -3
right_child=1 4 3 -5 -6 6 -8 -9 -10 10 -12 -13
leaf_value=-0.05686455879202356 0.12807721233827471 -0.056201609766347173 -0.017080101803081581 0.08235240728707667 0.03568043681132764 0.12155069027328191 0.098993635301067917 -0.059303943321958021 -0.05780705502779148 -0.056338817004770107 -0.056052690055812815 -0.055986441505581311
leaf_weight=2.1012492403388006 19.893641591072083 1.9579533562064155 5.8460725992918015 7.416743375360964 2.6722383573651314 18.997019648551941 15.501576617360113 2.5836477428674689 2.5070835649967194 3.6847339421510696 3.3684046268463135 1.9098661914467809
leaf_count=20 15 20 32 23 11 15 25 21 22 37 35 20
internal_value=0.0674677 0.086516 0.102025 0.0385239 -0.029462 0.117509 0.111415 -0.0570035 -0.0567685 -0.0563542 -0.0562022 -0.0560954
internal_weight=88.4402 76.7022 67.6551 13.2628 9.04714 54.3922 34.4986 11.738 6.3749 9.15439 7.05314 3.86782
internal_count=296 183 110 55 73 55 40 113 62 92 72 40
is_linear=0
shrinkage=0.05


Tree=8
num_leaves=12
num_cat=0
split_feature=19 34 4 34 34 27 34 4 22 4 14
split_gain=75.7236 63.0362 10.7078 9.63053 17.1453 1.5453 0.0442681 0.0123726 0.00235627 3.00717e-05 5.47883e-06
threshold=0.90993794372948644 3007.2737124083337 24.29709449797944 1379.8406820583334 1097.4406275666668 0.02609427205375394 3524.74051035 42.691472177267308 1.4362472820036245 31.660434535684569 0.046916144751669157
decision_type=2 2 2 2 2 2 2 2 2 2 2
left_child=1 3 -3 4 -1 -5 -4 8 -2 10 -10
right_child=7 2 6 5 -6 -7 -8 -9 9 -11 -12
leaf_value=-0.0082028331140890452 -0.057627640385595272 0.029128339456744069 -0.065978650712654935 0.096471418892516661 0.11845260711357034 0.11524185687118488 -0.057948024409502946 -0.060297952674509152 -0.055659088996670603 -0.055935041135795331 -0.055769712769211846
leaf_weight=5.109798461198805 2.3009902238845807 6.1335186511278135 3.0993844568729401 15.29553137719631 5.6007384061813354 38.727289378643036 3.8448733389377594 2.3880285546183577 2.8314271718263626 1.9851125329732893 1.8509330898523328
leaf_count=37 21 35 18 22 6 33 34 18 31 21 20
internal_value=0.0635097 0.0811125 -0.0190122 0.10134 0.0580276 0.109927 -0.0615323 -0.0570997 -0.0562481 -0.055772 -0.0557028
internal_weight=89.1676 77.8111 13.0778 64.7334 10.7105 54.0228 6.94426 11.3565 8.96846 6.66747 4.68236
internal_count=296 185 87 98 43 55 52 111 93 72 51
is_linear=0
shrinkage=0.05


Tree=9
num_leaves=14
num_cat=0
split_feature=16 22 20 3 16 26 34 32 4 20 0 22 21
split_gain=68.6516 35.9559 30.8206 21.6738 9.64413 0.624997 0.0053859 0.00519682 0.000781646 0.000297242 0.000335424 4.81135e-05 1.32455e-05
threshold=35.416666666666679 0.98998922403422651 0.2167546861284064 18.798614852469289 77.083333333333357 1.067341250172632 2552.1903779666668 1.0000000180025095e-35 40.177066270467073 1.0026081758408916 31.934010204848089 1.7917621517627131 1.3473015511333195
decision_type=2 2 2 2 2 2 2 2 2 2 2 2 2
left_child=7 3 -3 4 -2 -5 12 9 -8 10 -1 -11 -4
right_child=1 2 6 5 -6 -7 8 -9 -10 11 -12 -13 -14
leaf_value=-0.056525581201592769 -0.016102823382191715 0.10664645215288826 -0.055545837812560762 0.097506457539805136 0.07524115029379444 0.1087133882697406 -0.057385674677012104 -0.058529325994043403 -0.058663044370393658 -0.055760072944380928 -0.055655628089219936 -0.055411227647850475 -0.05535236934352205
leaf_weight=2.8419746458530408 5.8162817358970624 4.4011808335781089 1.7924051806330665 19.377280190587044 5.7427361607551575 34.752867236733437 2.4029023945331573 2.4388481825590125 2.3875999003648758 2.1234207227826123 1.8160250782966612 1.849184602499008 1.7469219863414762
leaf_count=28 32 5 20 21 17 26 22 21 20 23 20 21 20
internal_value=0.0600715 0.076525 -0.000380382 0.0914297 0.0292786 0.104702 -0.0569295 -0.0564913 -0.0580223 -0.0559154 -0.0561864 -0.0555977 -0.0554503
internal_weight=89.4896 78.4202 12.731 65.6892 11.559 54.1301 8.32983 11.0695 4.7905 8.63061 4.658 3.97261 3.53933
internal_count=296 183 87 96 49 47 82 113 42 92 48 44 40
is_linear=0
shrinkage=0.05


Tree=10
num_leaves=13
num_cat=0
split_feature=16 13 36 32 16 26 34 18 32 0 19 4
split_gain=61.7045 32.4133 13.6927 13.6155 17.218 4.79104 0.770406 1.18108 0.00441117 0.000248121 0.000117969 8.5664e-05
threshold=35.416666666666679 0.23565864689908941 7.0000000000000009 1.0000000180025095e-35 95.416666666666686 2.3653232924479899 2657.348802266667 0.26937335587037653 1.0000000180025095e-35 16.924609082892651 0.91504662448942731 26.680509146220817
decision_type=2 2 2 2 2 2 2 2 2 2 2 2
left_child=8 3 -3 4 5 -2 -5 -8 9 -1 11 -11
right_child=1 2 -4 6 -6 -7 7 -9 -10 10 -12 -13
leaf_value=-0.056078214236723926 -0.058349609096913127 0.042061538420546239 -0.063155242049740531 0.10502348120402585 0.097710786894653845 0.031085288927586559 0.10282643921134033 0.083767763949191332 -0.058054106458803469 -0.055854674821605346 -0.055169221125845061 -0.055379333558419008
leaf_weight=2.0040673241019231 3.5164861679077131 7.7008579373359662 5.1667734086513519 20.840908765792847 6.2474658116698265 2.6080950349569321 15.326131463050841 17.310123413801193 2.3384126275777808 1.8705876097083094 2.459896594285965 1.9213855192065237
leaf_count=21 33 34 38 15 13 10 11 29 21 20 29 22
internal_value=0.0571479 0.0723947 -0.000186429 0.0865778 0.039309 -0.0202646 0.0975135 0.0927178 -0.0561371 -0.0555941 -0.0554389 -0.0556138
internal_weight=89.3112 78.7168 12.8676 65.8492 12.372 6.12458 53.4772 32.6363 10.5943 8.25594 6.25187 3.79197
internal_count=296 183 72 111 56 43 55 40 113 92 71 42
is_linear=0
shrinkage=0.05


Tree=11
num_leaves=14
num_cat=0
split_feature=19 22 16 4 24 4 22 4 16 7 22 28 7
split_gain=57.4753 50.2332 10.6747 26.5082 3.82919 4.74902 0.0354799 0.0132057 0.00688428 0.00454155 0.00197765 5.19258e-05 5.80898e-06
threshold=0.90993794372948644 -0.86789323249868666 42.916666666666679 42.691472177267308 15.133419212376046 24.29709449797944 -1.174810324867481 42.691472177267308 10.833333333333334 2.1724569002002077 1.6443303195639469 0.34613049887212372 1.4505271443242223
decision_type=2 2 2 2 2 2 2 2 2 2 2 2 2
left_child=1 6 3 9 5 -4 8 10 -1 -3 -2 12 -12
right_child=7 2 4 -5 -6 -7 -8 -9 -10 -11 11 -13 -14
leaf_value=-0.055400549797050169 -0.05667454380869566 -0.055664683195569387 0.10279922815868735 0.098405054146485538 0.098461156262264371 0.051882345172875037 -0.064731749479089773 -0.059760871056694122 -0.059321818488061284 -0.058865111134363303 -0.054906379010337548 -0.055153452627228754 -0.054778140831017424
leaf_weight=2.4340898245573044 2.3839094936847669 2.5788888037204725 7.44257524609566 6.9674701690673828 40.952719017863274 11.904579170048235 2.3980915695428839 2.3045262023806563 2.0721649006009102 1.9441219344735143 1.7056022733449938 2.1087583601474762 1.8312195986509321
leaf_count=28 24 29 12 5 33 30 15 18 16 17 21 25 23
internal_value=0.0544377 0.0689959 0.0813845 0.0372169 0.0898009 0.0714693 -0.0598184 -0.0564245 -0.0572037 -0.0570403 -0.055467 -0.0549571 -0.05484
internal_weight=89.0287 78.6947 71.7904 11.4905 60.2999 19.3472 6.90435 10.334 4.50625 4.52301 8.02949 5.64558 3.53682
internal_count=296 185 126 51 75 42 59 111 44 46 93 69 44
is_linear=0
shrinkage=0.05


Tree=12
num_leaves=13
num_cat=0
split_feature=19 22 34 23 22 15 22 4 26 22 18 7
split_gain=52.1332 45.2512 10.9745 15.1535 3.49296 6.7186 0.0299297 0.0111763 0.00355473 0.00168279 4.40729e-05 4.93466e-06
threshold=0.90993794372948644 -0.86789323249868666 2922.4406524416668 1.2251413581196244 0.49429644387919797 1.0354958695983945 -1.174810324867481 42.691472177267308 0.71515993982206882 1.6443303195639469 0.41358721575312979 1.4505271443242223
decision_type=2 2 2 2 2 2 2 2 2 2 2 2
left_child=1 6 4 -4 -3 -6 8 9 -1 -2 11 -11
right_child=7 2 3 -5 5 -7 -8 -9 -10 10 -12 -13
leaf_value=-0.055480959137894172 -0.05631178708205109 0.09389102951231075 -0.019675760475592399 0.091545901715905043 0.031773211416102627 0.094658447121553566 -0.06385599535884616 -0.059207136364324502 -0.058360084119655466 -0.054644350455202696 -0.054877151593780232 -0.05452344291283924
leaf_weight=2.329943060874939 2.2818827331066114 42.281394690275192 6.3213641196489316 5.9404160678386688 7.5387899279594448 9.7283837795257551 2.3116229325532904 2.2121143713593483 1.9858022034168241 1.6300019398331644 2.0157569274306297 1.7498411312699316
leaf_count=27 24 34 38 8 39 7 15 18 17 21 25 23
internal_value=0.0521057 0.0657454 0.0772826 0.0342074 0.0861523 0.067203 -0.0592649 -0.0560758 -0.0568057 -0.0551735 -0.0546921 -0.0545818
internal_weight=88.3273 78.4377 71.8103 12.2618 59.5486 17.2672 6.62737 9.8896 4.31575 7.67748 5.3956 3.37984
internal_count=296 185 126 46 80 46 59 111 44 93 69 44
is_linear=0
shrinkage=0.05


Tree=13
num_leaves=13
num_cat=0
split_feature=19 22 34 23 22 4 22 4 16 22 18 7
split_gain=47.4761 40.9523 9.95594 13.5562 3.27072 4.6384 0.0252646 0.00946815 0.00493587 0.00143288 3.74363e-05 4.1949e-06
threshold=0.90993794372948644 -0.86789323249868666 2922.4406524416668 1.2251413581196244 0.49429644387919797 40.829680326608738 -1.174810324867481 42.691472177267308 10.833333333333334 1.6443303195639469 0.41358721575312979 1.4505271443242223
decision_type=2 2 2 2 2 2 2 2 2 2 2 2
left_child=1 6 4 -4 -3 -6 8 9 -1 -2 11 -11
right_child=7 2 3 -5 5 -7 -8 -9 -10 10 -12 -13
leaf_value=-0.054833090886420077 -0.055970699912895772 0.08964829945557537 -0.018913550195483728 0.086407373785040945 0.037743883125438561 0.089558522039624375 -0.063041543522134938 -0.05868904444807848 -0.058299545283439225 -0.054397462564162141 -0.05461692991053968 -0.054283412260920927
leaf_weight=2.2230537384748459 2.1834865957498533 42.072977945208549 6.2491849437355977 5.9779203683137894 8.585733614861967 8.6917081177234632 2.226568602025508 2.1223323866724968 1.9085359051823614 1.5573648735880854 1.926351763308048 1.6716742292046545
leaf_count=28 24 34 38 8 38 8 15 18 16 21 25 23
internal_value=0.0500203 0.0628603 0.0736626 0.0325786 0.0821266 0.0638101 -0.0587481 -0.0557478 -0.0564344 -0.0548972 -0.0544425 -0.0543384
internal_weight=87.3969 77.9357 71.5775 12.2271 59.3504 17.2774 6.35816 9.46121 4.13159 7.33888 5.15539 3.22904
internal_count=296 185 126 46 80 46 59 111 44 93 69 44
is_linear=0
shrinkage=0.05


Tree=14
num_leaves=12
num_cat=0
split_feature=16 13 36 32 16 24 34 10 32 19 19
split_gain=44.5515 23.0265 11.6074 9.18337 12.2675 5.83997 0.611432 0.906417 0.00292911 0.000516812 0.000603482
threshold=35.416666666666679 0.23565864689908941 7.0000000000000009 1.0000000180025095e-35 95.416666666666686 61.044027997283372 2657.348802266667 67.916666666666671 1.0000000180025095e-35 0.91504662448942731 0.32772279787031261
decision_type=2 2 2 2 2 2 2 2 2 2 2
left_child=8 3 -3 4 5 -2 -5 -8 9 10 -1
right_child=1 2 -4 6 -6 -7 7 -9 -10 -11 -12
leaf_value=-0.054462014969991174 -0.061126035881597054 0.035921916539848053 -0.063110660428347745 0.088491203676440547 0.080969704831483275 0.042193822246562575 0.06877581258821297 0.085669591092587899 -0.056884011976224592 -0.054227044353612468 -0.05563047080801338
leaf_weight=2.0193583816289884 3.4268649443984014 7.9062771350145322 4.7283376827836037 20.528674244880676 6.3959117084741592 2.2760627940297127 15.516722761094572 16.260213851928711 2.1232686415314674 2.7209456041455269 2.440610408782959
leaf_count=27 31 34 38 15 13 12 28 12 21 38 27
internal_value=0.0480958 0.0605774 -0.00113972 0.0726849 0.033428 -0.0198906 0.0817654 0.0774203 -0.0552525 -0.0547701 -0.0551014
internal_weight=86.3432 77.0391 12.6346 64.4045 12.0988 5.70293 52.3056 31.7769 9.30418 7.18091 4.45997
internal_count=296 183 72 111 56 43 55 40 113 92 54
is_linear=0
shrinkage=0.05


Tree=15
num_leaves=13
num_cat=0
split_feature=19 22 34 23 22 15 22 4 26 34 7 4
split_gain=41.3935 34.9227 8.39183 11.6142 2.8351 5.86505 0.0241909 0.00830616 0.00238973 0.00129791 6.78547e-05 1.0739e-06
threshold=0.90993794372948644 -0.86789323249868666 2922.4406524416668 1.2251413581196244 0.49429644387919797 1.0354958695983945 -1.174810324867481 41.70452825020697 0.71515993982206882 2519.9906084000008 2.8289312072204034 27.867945948376647
decision_type=2 2 2 2 2 2 2 2 2 2 2 2
left_child=1 6 4 -4 -3 -6 8 9 -1 10 11 -2
right_child=7 2 3 -5 5 -7 -8 -9 -10 -11 -12 -13
leaf_value=-0.054645975086363721 -0.053845269474797411 0.083020038932579893 -0.018008791831339292 0.079995482577336782 0.025988993849232603 0.085032137607172376 -0.062464728252896097 -0.058111696208137567 -0.057158563981431203 -0.055471238540528378 -0.054284415043970663 -0.053908696515294501
leaf_weight=2.0348815396428113 1.3262452632188781 41.20858345925808 6.1506485417485219 5.9449311643838882 7.5760698020458248 9.4554582834243757 2.1349492669105521 2.1643014475703239 1.7690440192818639 2.4616445749998093 1.6583857908844946 1.3432740494608877
leaf_count=27 20 34 38 8 39 7 15 19 17 29 23 20
internal_value=0.0462875 0.0582262 0.0680572 0.0301599 0.0759279 0.0587682 -0.0582052 -0.0554144 -0.0558145 -0.0545546 -0.0540332 -0.0538772
internal_weight=85.2284 76.2746 70.3357 12.0956 58.2401 17.0315 5.93887 8.95385 3.80393 6.78955 4.32791 2.66952
internal_count=296 185 126 46 80 46 59 111 44 92 63 40
is_linear=0
shrinkage=0.05


Tree=16
num_leaves=11
num_cat=0
split_feature=16 13 36 32 16 24 23 32 19 19
split_gain=38.5342 19.6232 10.4631 7.62958 10.3747 5.44876 0.701504 0.00236682 0.000632605 0.000835633
threshold=35.416666666666679 0.23565864689908941 7.0000000000000009 1.0000000180025095e-35 95.416666666666686 61.044027997283372 -0.10393806624182998 1.0000000180025095e-35 0.91504662448942731 0.32772279787031261
decision_type=2 2 2 2 2 2 2 2 2 2
left_child=7 3 -3 4 5 -2 -5 8 9 -1
right_child=1 2 -4 6 -6 -7 -8 -9 -10 -11
leaf_value=-0.053999457659666121 -0.060684657765430056 0.033101884532877525 -0.062568660756603375 0.082013198693397252 0.074832187904708317 0.040484497838512289 0.070259583033143558 -0.056380242784854796 -0.053791773947833924 -0.055419673710295374
leaf_weight=1.8410618677735309 3.2188001796603185 7.9949838668107969 4.4477935135364532 25.177868604660034 6.4026764556765556 2.2690998986363411 25.605065912008286 2.0141157656908035 2.4804122522473335 2.3677756041288376
leaf_count=27 31 34 38 19 13 12 36 21 38 27
internal_value=0.0447188 0.0562585 -0.0010965 0.0676454 0.0315929 -0.0188539 0.076087 -0.0548776 -0.0544252 -0.0547984
internal_weight=83.8197 75.1163 12.4428 62.6735 11.8906 5.4879 50.7829 8.70337 6.68925 4.20884
internal_count=296 183 72 111 56 43 55 113 92 54
is_linear=0
shrinkage=0.05


Tree=17
num_leaves=13
num_cat=0
split_feature=19 22 13 11 16 4 22 4 16 34 7 4
split_gain=36.5572 30.1737 7.66442 8.59361 3.48604 5.70244 0.0231322 0.00766724 0.00301335 0.000944164 0.000142683 2.24285e-06
threshold=0.90993794372948644 -0.86789323249868666 0.20236224065971903 0.75451754307353791 52.916666666666679 42.691472177267308 -1.174810324867481 39.474102071533459 10.833333333333334 2519.9906084000008 2.8289312072204034 27.867945948376647
decision_type=2 2 2 2 2 2 2 2 2 2 2 2
left_child=1 6 4 -4 5 -3 8 9 -1 10 11 -2
right_child=7 2 3 -5 -6 -7 -8 -9 -10 -11 -12 -13
leaf_value=-0.053885554575982736 -0.053447960102002562 0.018069188406657995 -0.019436187207550935 0.064708602962646952 0.078856844010162075 0.080042695144159737 -0.061963640439699853 -0.057475529901158021 -0.056825209704047933 -0.055072994179975444 -0.054105985287103309 -0.05354387123421514
leaf_weight=1.8500625714659693 1.2069201841950401 7.0648219510912877 5.4020272716879827 6.9229201450943947 41.245679788291454 7.8209071159362793 2.0459697470068923 2.4926605299115181 1.6485814526677129 1.9676388353109358 1.583189360797405 1.2314918525516985
leaf_count=28 20 37 30 18 35 6 15 23 16 25 23 20
internal_value=0.0431757 0.0544452 0.0635316 0.0278279 0.0713712 0.0506298 -0.0577404 -0.0551453 -0.0552707 -0.0541755 -0.0537364 -0.0534964
internal_weight=82.4829 74.001 68.4564 12.3249 56.1314 14.8857 5.54461 8.4819 3.49864 5.98924 4.0216 2.43841
internal_count=296 185 126 48 78 43 59 111 44 88 63 40
is_linear=0
shrinkage=0.05


Tree=18
num_leaves=15
num_cat=0
split_feature=16 34 11 32 13 20 16 34 3 34 32 6 11 0
split_gain=33.5733 17.2789 12.8854 9.40433 11.8653 7.07518 0.626765 0.07764 0.0124291 0.00246966 0.00187609 0.00068106 0.00034836 3.09366e-05
threshold=35.416666666666679 3195.6487685500001 0.76003832347394717 1.0000000180025095e-35 0.085785297176123557 -1.511116218250667 80.416666666666671 2157.4489222500006 16.815324981086274 2489.2398620083336 1.0000000180025095e-35 2.2169897645599752 0.74802023435034937 31.510321500633797
decision_type=2 2 2 2 2 2 2 2 2 2 2 2 2 2
left_child=10 3 8 4 -2 -6 -5 -7 -3 -9 11 13 -13 -1
right_child=1 2 -4 6 5 7 -8 9 -10 -11 -12 12 -14 -15
leaf_value=-0.053644972712058328 0.067133570299437118 -0.058107310476297025 0.054104791664804613 0.077593726012697525 0.054618883576916293 -0.069094744897570837 0.066085667669950665 -0.053552686225157999 -0.062889125878548363 -0.056433794334478149 -0.055915908535022589 -0.054030051977905308 -0.054996212917637781 -0.053291092856670989
leaf_weight=1.323955956846474 8.0456085875630361 2.6752271577715856 4.463098332285881 28.067061305046082 1.9690996855497296 1.4018519446253828 20.453658990561962 1.6566465422511103 2.7618442922830582 1.3498686514794824 1.9036916270852087 1.7415903620421889 2.0094341523945332 1.1575644537806509
leaf_count=21 16 24 17 22 4 8 31 27 19 15 21 26 25 20
internal_value=0.0417881 0.0525477 -0.00885492 0.0622054 0.0267574 -0.0241799 0.0727426 -0.0593772 -0.0605363 -0.0548462 -0.0545421 -0.0541225 -0.0545476 -0.0534799
internal_weight=80.9802 72.844 9.90017 62.9438 14.4231 6.37747 48.5207 4.40837 5.43707 3.00652 8.13624 6.23254 3.75102 2.48152
internal_count=296 183 60 123 70 54 53 50 43 42 113 92 51 41
is_linear=0
shrinkage=0.05


Tree=19
num_leaves=13
num_cat=0
split_feature=19 22 20 19 3 15 6 34 4 34 7 4
split_gain=32.2175 25.1714 6.41414 11.8074 4.27927 3.06014 0.509069 0.0630815 0.00699219 0.000911312 0.000183743 1.58035e-06
threshold=0.90993794372948644 -0.78603860974659845 0.59063613033140827 0.52782918707288673 33.963132365106908 0.49829177542634001 1.7560414716052646 3205.7403254833339 39.474102071533459 2519.9906084000008 2.8289312072204034 27.867945948376647
decision_type=2 2 2 2 2 2 2 2 2 2 2 2
left_child=1 4 6 -4 7 -5 -3 -1 9 10 11 -2
right_child=8 2 3 5 -6 -7 -8 -9 -10 -11 -12 -13
leaf_value=-0.066165476279827759 -0.053096715564974875 0.074909258036753079 0.063543651488075767 -0.058050250857944623 0.023451512733928342 0.017860819756975014 0.064220549907812202 -0.055196640510136244 -0.057102997374885167 -0.054786690937809239 -0.053858292250011312 -0.053181113525677351
leaf_weight=2.4600561112165442 1.0983615033328531 28.856788463890553 11.539186522364618 3.1287749782204619 2.1455668956041336 2.306170791387558 18.143351674079895 2.8056334257125854 2.4152817651629448 1.84858201444149 1.4823916517198084 1.1205186657607553
leaf_count=16 20 25 17 33 13 10 35 36 23 25 23 20
internal_value=0.0405209 0.0511631 0.0612687 0.0349241 -0.0360689 -0.0258395 0.0707831 -0.0603211 -0.0548574 -0.0538801 -0.0534273 -0.0531393
internal_weight=79.3507 71.3855 63.9743 16.9741 7.41126 5.43495 47.0001 5.26569 7.96514 5.54985 3.70127 2.21888
internal_count=296 185 120 60 65 43 60 52 111 88 63 40
is_linear=0
shrinkage=0.05


Tree=20
num_leaves=12
num_cat=0
split_feature=19 34 11 32 24 19 22 4 1 34 22
split_gain=29.7516 23.4353 11.2054 5.33835 4.79015 0.269084 0.025565 0.00593197 0.000910973 5.87084e-05 1.12389e-05
threshold=0.90993794372948644 3007.2737124083337 0.76003832347394717 1.0000000180025095e-35 15.133419212376046 0.68780267349536084 -0.70708937535720551 39.474102071533459 63.234059713723262 2489.2398620083336 2.1194579523120161
decision_type=2 2 2 2 2 2 2 2 2 2 2
left_child=1 3 6 4 -1 -5 -3 8 -2 10 -10
right_child=7 2 -4 5 -6 -7 -8 -9 9 -11 -12
leaf_value=-0.011056369988409948 -0.054599596736298862 -0.054618659611182355 0.040800550551840363 0.074603137018662599 0.054740656780903091 0.066873643122832352 -0.061184738624071172 -0.056712935826224956 -0.053181163059682547 -0.053507632001056321 -0.052963975513621746
leaf_weight=4.0838570371270171 1.7804555147886265 2.277011476457119 4.9619036354124546 19.669985771179199 8.572943337261675 26.334071084856987 4.2481313645839673 2.3128882646560669 1.1709860339760787 1.1347566060721872 1.2123555950820444
leaf_count=20 25 31 24 16 28 34 32 23 21 19 23
internal_value=0.0392906 0.0494782 -0.01583 0.062267 0.0335105 0.0701785 -0.0588934 -0.0546002 -0.053678 -0.0532116 -0.0530707
internal_weight=77.7593 70.1479 11.487 58.6609 12.6568 46.0041 6.52514 7.61144 5.29855 3.5181 2.38334
internal_count=296 185 87 98 48 50 63 111 88 63 44
is_linear=0
shrinkage=0.05


Tree=21
num_leaves=14
num_cat=0
split_feature=16 34 11 32 13 20 15 34 18 34 19 19 10
split_gain=28.3092 14.8745 10.7091 7.63066 9.3928 8.86635 0.78648 0.0689394 0.00914757 0.00196832 0.00138339 0.00105178 0.000336419
threshold=35.416666666666679 3195.6487685500001 0.76003832347394717 1.0000000180025095e-35 0.085785297176123557 -2.215808629486979 0.13211723370100487 2157.4489222500006 1.1666364209687632 2489.2398620083336 0.9289283240829751 0.32772279787031261 46.25
decision_type=2 2 2 2 2 2 2 2 2 2 2 2 2
left_child=10 3 8 4 -2 -6 -5 -7 -3 -9 11 -1 -13
right_child=1 2 -4 6 5 7 -8 9 -10 -11 -12 12 -14
leaf_value=-0.05372309822579803 0.061077056259260742 -0.061712063896882524 0.045418559371451513 0.057832134879279677 0.078653613644759382 -0.067181789900990233 0.0720445890294968 -0.05302677151123826 -0.057451711517444971 -0.055762946234895333 -0.053061393181460574 -0.054646451123245322 -0.055647014872448712
leaf_weight=2.1187454834580413 7.8087757751345617 2.5901226103305799 4.6732999458909035 14.19126735627651 1.590418025851245 1.6981500089168591 30.991218313574791 1.4393480941653254 2.4534017741680145 1.2096702530980108 2.0079695284366608 1.6840064711868765 1.6764117106795309
leaf_count=34 16 19 17 26 2 10 27 27 24 15 38 22 19
internal_value=0.038136 0.0482053 -0.00911197 0.0576564 0.0250369 -0.0223612 0.0675806 -0.0593176 -0.0596396 -0.0542762 -0.0541841 -0.0545955 -0.0551456
internal_weight=76.1328 68.6457 9.71682 58.9288 13.7464 5.93759 45.1825 4.34717 5.04352 2.64902 7.48713 5.47916 3.36042
internal_count=296 183 60 123 70 54 53 52 43 42 113 75 41
is_linear=0
shrinkage=0.05


Tree=22
num_leaves=13
num_cat=0
split_feature=19 22 16 4 14 22 11 4 16 1 22 2
split_gain=26.4649 22.4074 6.46734 15.0291 2.8241 0.022462 0.00638657 0.00544299 0.0020591 0.00103309 6.22516e-05 8.66018e-06
threshold=0.90993794372948644 -0.86789323249868666 42.916666666666679 42.691472177267308 0.10693957476304662 -1.1327796905749803 0.75869372073631436 39.474102071533459 10.833333333333334 63.234059713723262 1.9090734907950246 0.90022882402390747
decision_type=2 2 2 2 2 2 2 2 2 2 2 2
left_child=1 5 3 6 -4 8 -3 9 -1 -2 -11 -12
right_child=7 2 4 -5 -6 -7 -8 -9 -10 10 11 -13
leaf_value=-0.053203168676687618 -0.054439492081255286 -0.054898160484984151 0.069104985154835027 0.069816826078776928 0.043484659232782157 -0.061743343940948547 -0.058947053962834076 -0.056417111633007902 -0.055732810929835834 -0.053218945304770865 -0.052658167378133773 -0.052860797904139202
leaf_weight=1.5593852847814562 1.6956241391599167 2.370283938944338 37.617917224764824 5.6642171144485474 15.062910631299017 1.6083714216947544 1.6532747372984884 2.235876277089119 1.661666117608547 1.1010319590568545 1.1004870608448984 1.0123850367963312
leaf_count=28 25 30 39 5 36 12 16 23 19 20 23 20
internal_value=0.0371126 0.0468405 0.0548749 0.0173288 0.0617794 -0.0569177 -0.0565618 -0.0543722 -0.0545082 -0.0534409 -0.0529141 -0.0527553
internal_weight=74.3434 67.198 62.3686 9.68778 52.6808 4.82942 4.02356 7.1454 3.22105 4.90953 3.2139 2.11287
internal_count=296 185 126 51 75 59 46 111 47 88 63 43
is_linear=0
shrinkage=0.05


Tree=23
num_leaves=13
num_cat=0
split_feature=19 22 34 16 3 22 4 22 4 1 22 9
split_gain=24.5703 19.8001 5.78013 6.70314 3.5646 2.5149 2.72568 0.048711 0.00462393 0.000883489 5.32555e-05 6.89978e-06
threshold=0.90993794372948644 -0.78603860974659845 2922.4406524416668 77.083333333333357 33.963132365106908 0.49429644387919797 40.829680326608738 -1.1327796905749803 39.474102071533459 63.234059713723262 1.9090734907950246 0.0072046723400015006
decision_type=2 2 2 2 2 2 2 2 2 2 2 2
left_child=1 4 5 -4 7 -3 -7 -1 9 -2 -11 -12
right_child=8 2 3 -5 -6 6 -8 -9 -10 10 11 -13
leaf_value=-0.054147871822820617 -0.054207924569542543 0.070000223821633262 -0.016034034464538591 0.061807232244025505 0.020146003903786857 0.023331327652002104 0.066186415407727947 -0.064313786417805316 -0.056068625221039184 -0.053052878806076703 -0.052525156258438732 -0.052710369293750961
leaf_weight=2.2570171132683754 1.6196434758603562 33.063000053167343 5.6261947527527791 5.439584456384182 2.0028651058673859 7.2611363977193815 7.587259404361248 2.4655931591987601 2.139715388417244 1.050529517233372 1.0508535988628867 0.96424027532339085
leaf_count=35 25 30 34 10 13 38 8 17 23 20 23 20
internal_value=0.0361523 0.0455319 0.0548008 0.0222303 -0.0357498 0.0623234 0.0452295 -0.0594553 -0.0541428 -0.0532633 -0.0527643 -0.0526138
internal_weight=72.5276 65.7027 58.9772 11.0658 6.72548 47.9114 14.8484 4.72261 6.82498 4.68527 3.06562 2.01509
internal_count=296 185 120 44 65 76 46 52 111 88 63 43
is_linear=0
shrinkage=0.05


Tree=24
num_leaves=13
num_cat=0
split_feature=16 6 9 9 23 21 15 15 10 19 19 10
split_gain=23.5386 13.0606 9.58961 8.9994 6.88983 1.15287 2.32742 0.0277132 0.0123819 0.00122786 0.000990257 0.000285496
threshold=35.416666666666679 6.328450588460087 0.0058654049153289509 0.0068106709631725508 -0.59599483400449649 1.0000000180025095e-35 1.1434484301281749 0.12864729043440468 53.750000000000007 0.9289283240829751 0.32772279787031261 49.583333333333336
decision_type=2 2 2 2 2 2 2 2 2 2 2 2
left_child=9 2 5 -4 -3 -2 -7 -5 -6 10 -1 -12
right_child=1 4 3 7 8 6 -8 -9 -10 -11 11 -13
leaf_value=-0.053246666747031858 0.068357145735832611 0.046535243666691456 0.042367239373904089 -0.054185877505401228 -0.056708065358329229 0.034969680285653622 0.068499064160581588 -0.063218595278433987 -0.06207713007657692 -0.052610978372542222 -0.05424432696810897 -0.055203594039699239
leaf_weight=1.8779763169586647 26.85334000736475 2.395433783531189 6.3196295723319036 1.8139603808522227 2.2960337586700907 9.8046307079494017 10.962448954582213 1.5965418778359888 2.0172390714287758 1.7409416660666464 1.6302279084920885 1.479631647467613
leaf_count=34 28 11 15 29 26 37 10 13 14 38 23 18
internal_value=0.0352075 0.044552 0.0522737 0.00704236 -0.0214581 0.0615156 0.052669 -0.0584143 -0.0592191 -0.0537542 -0.0541533 -0.0547007
internal_weight=70.788 64.0593 57.3506 9.73013 6.70871 47.6204 20.7671 3.4105 4.31327 6.72878 4.98784 3.10986
internal_count=296 183 132 57 51 75 47 42 40 113 75 41
is_linear=0
shrinkage=0.05


Tree=25
num_leaves=15
num_cat=0
split_feature=19 35 9 23 5 15 2 19 24 26 5 1 34 7
split_gain=21.9343 17.4343 6.56197 6.33535 6.27942 7.33466 0.364258 0.0307143 0.0170626 0.0087046 0.00449178 0.000704818 4.32324e-05 1.10581e-05
threshold=0.90993794372948644 13.500000000000002 0.004983586712843901 0.92977278372813188 0.41704528250206957 1.7414044064344758 -0.10448953569178558 0.37824925979348673 11.587705578922924 0.88365964495176097 0.39474102071533446 63.234059713723262 2489.2398620083336 2.3505430848049116
decision_type=2 2 2 2 2 2 2 2 2 2 2 2 2 2
left_child=1 2 6 7 5 8 -1 9 -4 -3 11 -2 13 -13
right_child=10 3 4 -5 -6 -7 -8 -9 -10 -11 -12 12 -14 -15
leaf_value=0.068318522464041131 -0.053873151924518317 -0.053566852074367899 -0.060928338923568741 0.042828252673127183 0.050051114197615237 0.058062905322404351 0.058718542151839387 -0.063841961043183543 -0.054074223870854692 -0.058765008973623967 -0.055833099309278433 -0.052282306266988016 -0.052813746304603774 -0.052523612315953198
leaf_weight=20.854554146528244 1.5024708732962597 1.7945984564721578 2.1230172887444492 2.1707023121416569 9.7765133678913099 2.1504699364304543 18.778864946216345 1.9441859275102613 1.5865476056933401 1.4610192775726316 2.0626807287335396 1.0001543723046782 0.92350832372903813 0.90379757434129704
leaf_count=21 25 32 20 8 16 10 31 12 23 12 23 24 19 20
internal_value=0.0343122 0.0433158 0.0529485 -0.0289181 0.02552 -0.0154062 0.0637699 -0.0588692 -0.0579969 -0.0558996 -0.0539128 -0.052998 -0.052533 -0.0523969
internal_weight=69.0331 62.6405 55.27 7.37051 15.6365 5.86003 39.6334 5.1998 3.70956 3.25562 6.39261 4.32993 2.82746 1.90395
internal_count=296 185 121 64 69 53 52 56 43 44 111 88 63 44
is_linear=0
shrinkage=0.05


Tree=26
num_leaves=13
num_cat=0
split_feature=16 34 11 9 6 3 6 16 9 34 19 21
split_gain=20.8089 11.5147 9.31176 6.01723 8.0216 3.46488 1.02674 0.71604 0.00926892 0.00128289 0.000523708 0.000387022
threshold=35.416666666666679 3195.6487685500001 0.76003832347394717 0.0055364860708414509 4.3096943576556024 18.798614852469289 1.7560414716052646 50.833333333333343 0.004403541310933401 542.43215648333342 0.9289283240829751 -1.0163810577337877
decision_type=2 2 2 2 2 2 2 2 2 2 2 2
left_child=9 3 8 6 5 -5 -2 -8 -3 -1 11 -11
right_child=1 2 -4 4 -6 -7 7 -9 -10 10 -12 -13
leaf_value=-0.054771332430197564 0.066453112922943758 -0.061386877409848287 0.041322285419553954 0.024178921130952505 0.062204077332762432 -0.060450569752711306 0.060822628351819209 0.04030233560434468 -0.056896807340226022 -0.052877209451834474 -0.052350372809885554 -0.053986460215819078
leaf_weight=1.4982407838106144 24.696811847388744 2.0836563035845739 4.6216718554496765 1.9868617355823497 4.9293899051845074 3.090990237891674 8.4413367956876773 8.5643066801130754 2.5633755326271057 1.4841166883707044 1.5822101458907125 1.6725323311984541
leaf_count=20 25 15 17 6 12 39 12 29 28 30 38 25
internal_value=0.0334914 0.0423888 -0.00893102 0.0515877 0.0167695 -0.0273367 0.0599429 0.0504883 -0.0589101 -0.053496 -0.0530928 -0.0534649
internal_weight=67.2155 60.9784 9.2687 51.7097 10.0072 5.07785 41.7025 17.0056 4.64703 6.2371 4.73886 3.15665
internal_count=296 183 60 123 57 45 66 41 43 113 93 55
is_linear=0
shrinkage=0.05


Tree=27
num_leaves=12
num_cat=0
split_feature=19 22 6 4 9 4 22 4 16 1 16
split_gain=19.6151 17.37 5.94189 5.50157 2.39478 3.65459 0.0174067 0.00369354 0.00201808 0.000548296 5.29666e-05
threshold=0.90993794372948644 -0.86789323249868666 5.3829561315290624 24.29709449797944 0.0047910868259758007 48.339247291143231 -1.1327796905749803 39.474102071533459 22.083333333333339 63.234059713723262 35.416666666666679
decision_type=2 2 2 2 2 2 2 2 2 2 2
left_child=1 6 4 -4 -3 -6 8 9 -1 -2 -11
right_child=7 2 3 -5 5 -7 -8 -9 -10 10 -12
leaf_value=-0.052766748695770672 -0.053583088881727907 0.063403036180138511 0.049890745594244418 -0.031546057656427817 0.0095026920364651903 0.059955149449118242 -0.060701926844556157 -0.055433272665116939 -0.055495949897408317 -0.052068423871396631 -0.052531262420954322
leaf_weight=1.529223468154669 1.3951142132282246 32.143104009330273 4.2170972451567632 4.080700758844614 6.1189562119543544 8.6823032796382886 1.4806132093071926 1.9482934325933454 1.2158998139202593 0.99086886644363437 1.6432325355708597
leaf_count=32 25 36 14 28 38 10 12 23 15 26 37
internal_value=0.0326931 0.0413716 0.0488455 0.00984166 0.0557397 0.0390977 -0.0563324 -0.0536459 -0.0539756 -0.0527816 -0.0523572
internal_weight=65.4454 59.4679 55.2422 8.2978 46.9444 14.8013 4.22574 5.97751 2.74512 4.02922 2.6341
internal_count=296 185 126 42 84 48 59 111 47 88 63
is_linear=0
shrinkage=0.05


Tree=28
num_leaves=12
num_cat=0
split_feature=19 22 6 4 9 4 22 4 0 1 1
split_gain=18.2613 16.1151 5.71725 4.93221 2.43075 3.44808 0.0148012 0.00314607 0.00149898 0.000469447 4.53442e-05
threshold=0.90993794372948644 -0.86789323249868666 5.3829561315290624 24.29709449797944 0.0047910868259758007 48.339247291143231 -1.1327796905749803 39.474102071533459 15.154473020210839 63.234059713723262 69.752616795286642
decision_type=2 2 2 2 2 2 2 2 2 2 2
left_child=1 6 4 -4 -3 -6 8 9 -1 -2 -11
right_child=7 2 3 -5 5 -7 -8 -9 -10 10 -12
leaf_value=-0.055082332583423543 -0.053398544829249488 0.062336273655184307 0.046742115320433993 -0.030359802437626926 0.0090183272026372104 0.058230546566849506 -0.06010508634350023 -0.055143410669423035 -0.0526804235228895 -0.052407457591906043 -0.051972069989459017
leaf_weight=1.1884527094662192 1.3315441273152822 31.08538206666708 4.274564713239668 4.0294734351336956 6.125058162957429 8.497205436229704 1.4220330901443947 1.862769193947315 1.4325413219630716 1.5291769802570345 0.98206671327352513
leaf_count=16 25 36 14 28 38 10 12 23 31 36 27
internal_value=0.0318983 0.040287 0.0474943 0.00932898 0.0544281 0.0376162 -0.0559979 -0.0534571 -0.0537695 -0.0526396 -0.0522372
internal_weight=63.7603 58.0547 54.0117 8.30404 45.7076 14.6223 4.04303 5.70556 2.62099 3.84279 2.51124
internal_count=296 185 126 42 84 48 59 111 47 88 63
is_linear=0
shrinkage=0.05


Tree=29
num_leaves=13
num_cat=0
split_feature=19 22 6 4 3 22 19 9 34 4 1 1
split_gain=17.0099 15.0123 5.79275 3.03644 2.73198 2.69798 4.15237 2.79514 0.0501236 0.00268127 0.000402048 3.88345e-05
threshold=0.90993794372948644 -0.78603860974659845 5.3829561315290624 26.582266106746527 33.963132365106908 0.49429644387919797 0.68780267349536084 0.0048244128592703503 3205.7403254833339 39.474102071533459 63.234059713723262 69.752616795286642
decision_type=2 2 2 2 2 2 2 2 2 2 2 2
left_child=1 4 5 -4 8 -3 -7 -8 -1 10 -2 -12
right_child=9 2 3 -5 -6 6 7 -9 -10 -11 11 -13
leaf_value=-0.06473740211696026 -0.053223985198884105 0.063731779671191854 0.035739757694300676 -0.025683989384479546 0.015725749665414995 0.064097849720699887 0.04752794698275091 -0.019433220720883326 -0.053629277228683173 -0.054870291477534611 -0.052284929793936168 -0.051872224688018498
leaf_weight=2.1086313202977172 1.2706530727446073 29.501047432422638 4.7103615030646306 3.5122764483094215 1.7234554700553415 6.689588785171507 2.6320391222834587 3.8208464421331882 1.9590656608343122 1.780517481267452 1.4579208493232729 0.9359234683215617
leaf_count=16 25 32 19 22 13 7 7 33 36 23 36 27
internal_value=0.0311317 0.0392439 0.0479282 0.00950278 -0.0370337 0.0553375 0.0364948 0.00787928 -0.0593876 -0.0532785 -0.0525051 -0.0521236
internal_weight=62.1023 56.6573 50.8662 8.22264 5.79115 42.6435 13.1425 6.45289 4.0677 5.44501 3.6645 2.39384
internal_count=296 185 120 41 65 79 47 40 52 111 88 63
is_linear=0
shrinkage=0.05


Tree=30
num_leaves=13
num_cat=0
split_feature=16 7 18 21 34 15 34 15 34 7 19 19
split_gain=17.3511 9.79495 8.44757 5.36028 12.907 0.407672 0.015715 0.00828453 0.0018414 0.000735048 0.000570435 0.00059808
threshold=35.416666666666679 4.5194625451442958 1.1521436614121301 0.94528229870227221 2227.2904662833339 0.22353791973201706 3233.6357970666672 1.8283966489475747 542.43215648333342 1.0707177877320044 0.9289283240829751 0.32772279787031261
decision_type=2 2 2 2 2 2 2 2 2 2 2 2
left_child=8 3 -3 5 -5 -2 9 -4 -1 -6 11 -10
right_child=1 2 7 4 6 -7 -8 -9 10 -11 -12 -13
leaf_value=-0.054827600754383657 0.053677009473221439 0.032929720411118711 -0.061540369506173288 0.063726082048260357 -0.054066025220150339 0.064638905619579468 -0.060159923500808059 -0.057109107924937265 -0.052465002371706648 -0.052380037544252148 -0.051906207875480649 -0.053920256143607195
leaf_weight=1.4778345301747311 20.724281147122383 6.0259771645069105 2.1063175424933434 5.6400803327560407 1.3556947745382792 14.357683621346949 1.2118258737027643 2.1127245537936687 1.4569775424897673 1.2357315346598623 1.3045380376279352 1.3698217570781706
leaf_count=20 36 22 18 6 20 17 10 23 34 31 38 21
internal_value=0.0304423 0.0390198 -0.00506057 0.0491625 0.0157246 0.0581633 -0.0554599 -0.0593214 -0.0533129 -0.0532621 -0.0527711 -0.0531702
internal_weight=60.3795 54.7703 10.245 44.5253 9.44333 35.082 3.80325 4.21904 5.60917 2.59143 4.13134 2.8268
internal_count=296 183 63 120 67 53 61 41 113 51 93 55
is_linear=0
shrinkage=0.05


Tree=31
num_leaves=14
num_cat=0
split_feature=19 22 6 4 18 22 19 9 14 4 31 13 34
split_gain=15.1223 13.5366 5.32353 3.91261 2.54431 2.53938 3.78734 2.48288 0.0431314 0.00230948 0.000246207 0.000276725 4.29415e-06
threshold=0.90993794372948644 -0.78603860974659845 5.3829561315290624 24.29709449797944 0.52130992414306421 0.49429644387919797 0.68780267349536084 0.0048244128592703503 0.19865470852017805 39.474102071533459 1.0000000180025095e-35 0.15320362178918542 2137.4240157250006
decision_type=2 2 2 2 2 2 2 2 2 2 2 2 2
left_child=1 4 5 -4 -1 -3 -7 -8 -6 10 11 -2 -12
right_child=9 2 3 -5 8 6 7 -9 -10 -11 12 -13 -14
leaf_value=0.015498692495625913 -0.053217192377866401 0.062040051636832044 0.04164390367499169 -0.028102655125638559 -0.053725501904377297 0.062402527404032841 0.045317263730025953 -0.01909053628199564 -0.064303946169899345 -0.054561546009000997 -0.05164921293481145 -0.052061443100606175 -0.05183170827113829
leaf_weight=1.6351476684212674 1.0087486077100032 27.575165063142776 4.3077363669872266 3.7709731906652451 1.9578380398452284 6.2087970376014692 2.525104433298111 3.672540795058012 1.8974482566118238 1.6680559590458868 0.61821314133703731 1.0644180942326782 0.67351396754384041
leaf_count=12 19 32 14 27 38 7 7 33 15 23 20 29 20
internal_value=0.029823 0.0376109 0.0461076 0.00908766 -0.0367651 0.0535879 0.0348017 0.00715111 -0.0589319 -0.0530403 -0.0522862 -0.0526238 -0.0517444
internal_weight=58.5837 53.5508 48.0603 8.07871 5.49043 39.9816 12.4064 6.19765 3.85529 5.03295 3.36489 2.07317 1.29173
internal_count=296 185 120 41 65 79 47 40 53 111 88 48 40
is_linear=0
shrinkage=0.05


Tree=32
num_leaves=14
num_cat=0
split_feature=16 7 3 21 15 4 18 34 24 34 7 19 19
split_gain=15.6438 8.98515 8.14324 4.66381 11.5028 0.412969 0.541423 0.0126141 0.0087548 0.00173365 0.000533702 0.000515111 0.000533805
threshold=35.416666666666679 4.5194625451442958 17.358951223062309 0.94528229870227221 1.0354958695983945 17.355268233384535 0.36110644975903777 3233.6357970666672 2.1481396321061248 542.43215648333342 1.0707177877320044 0.9289283240829751 0.32772279787031261
decision_type=2 2 2 2 2 2 2 2 2 2 2 2 2
left_child=9 3 8 5 7 -2 -7 10 -3 -1 -5 12 -11
right_child=1 2 -4 4 -6 6 -8 -9 -10 11 -12 -13 -14
leaf_value=-0.054635012233821528 0.064521463264388915 -0.060840454196150667 0.033133477751613058 -0.053650649622040594 0.062103623131402899 0.061104635430279844 0.045528809666989106 -0.05934384727478538 -0.056233531240705674 -0.052276982913512848 -0.052144613940871699 -0.051718831016571903 -0.053698626965597143
leaf_weight=1.4121839404106129 10.44329911470413 2.2186137177050096 5.779675405472517 1.2356651388108719 5.23578941822052 10.094823658466341 12.472643278539179 1.1376773007214067 1.9269141554832456 1.3474708851426846 1.1227714605629442 1.1845566220581529 1.2947763111442325
leaf_count=20 12 19 20 20 6 13 28 10 24 34 31 38 21
internal_value=0.0291899 0.0375377 -0.00522286 0.0477049 0.0152094 0.0563005 0.0524961 -0.0550196 -0.0586991 -0.0531377 -0.0529337 -0.0525852 -0.0529736
internal_weight=56.9069 51.6679 9.9252 41.7427 8.7319 33.0108 22.5675 3.49611 4.14553 5.23899 2.35844 3.8268 2.64225
internal_count=296 183 63 120 67 53 41 61 43 113 51 93 55
is_linear=0
shrinkage=0.05


Tree=33
num_leaves=15
num_cat=0
split_feature=22 22 20 22 4 34 34 24 4 19 34 19 23 22
split_gain=13.6418 10.6559 9.69727 4.99894 7.32667 1.77636 2.125 0.0599582 0.00500369 0.00445952 0.00119448 0.000957446 0.000270364 2.32661e-05
threshold=1.6443303195639469 -0.62274319956062585 -2.3063859497104331 0.98998922403422651 52.505246983754141 2902.4406766750003 3130.2399272333337 2.1481396321061248 29.388086762176304 0.85396953134060871 2519.9906084000008 0.78369234636373553 -0.066842252940847738 2.1621636472093893
decision_type=2 2 2 2 2 2 2 2 2 2 2 2 2 2
left_child=1 2 -1 5 11 -3 -7 -4 -9 -2 12 -5 -11 -14
right_child=9 3 7 4 -6 6 -8 8 -10 10 -12 -13 13 -15
leaf_value=0.067079021266264457 -0.056548748907906003 0.059298920259538916 -0.066373876336063578 -0.05547501079364256 0.053830014253830105 0.06005794562712128 0.01466927870321999 -0.052977248366018206 -0.056973132413221633 -0.052823833255958366 -0.054139496509209573 -0.053649817543162781 -0.051921577333496005 -0.051524717547030599
leaf_weight=2.1951610557734966 1.0037036463618267 26.667035210877657 1.8215279951691616 1.4002657867968076 3.4077377617359161 4.6640374064445478 5.7675833515822887 1.573531234636903 1.5602745153009889 0.97527308948338065 1.1189705617725847 1.4757808763533828 0.89401100762188457 0.62924381531774998
leaf_count=3 11 36 12 19 4 6 36 33 23 21 18 25 27 22
internal_value=0.0286293 0.0361491 -0.0204053 0.0454707 0.00423048 0.0524559 0.0349628 -0.0591599 -0.0549667 -0.0536 -0.0527818 -0.0545385 -0.0521738 -0.0517576
internal_weight=55.1541 50.5329 7.15049 43.3824 6.28378 37.0987 10.4316 4.95533 3.13381 4.6212 3.6175 2.87605 2.49853 1.52325
internal_count=296 197 71 126 48 78 42 68 56 99 88 44 70 49
is_linear=0
shrinkage=0.05


Tree=34
num_leaves=12
num_cat=0
split_feature=16 35 32 24 14 13 19 14 34 19 19
split_gain=13.9366 7.9538 5.23398 7.04514 7.1276 3.72126 0.461988 0.119396 0.00117385 0.000408051 0.000483982
threshold=35.416666666666679 13.500000000000002 1.0000000180025095e-35 2.4477915415413238 0.071636775544328415 0.012507787624051102 0.74943344916150789 0.033561003539870703 542.43215648333342 0.9289283240829751 0.32772279787031261
decision_type=2 2 2 2 2 2 2 2 2 2 2
left_child=8 2 3 -2 5 -5 -4 -7 -1 10 -10
right_child=1 -3 6 4 -6 7 -8 -9 9 -11 -12
leaf_value=-0.054163761336096496 -0.062768579350828912 -0.022276219268196312 0.060479574118565804 0.050829859673461521 0.059964786876997224 -0.052873749054066527 0.047932651763252981 -0.076190950159133131 -0.052060792060918987 -0.051600991852589533 -0.053468962705281155
leaf_weight=1.2880280390381802 2.2764979749917975 5.1915668640285721 16.637001574039463 1.0735817179083809 7.8451400715857744 1.4982770886272194 13.124155126512049 0.86652224697172631 1.2267485335469253 1.0990856569260357 1.2140393592417238
leaf_count=20 18 38 21 2 20 34 35 15 34 38 21
internal_value=0.0281443 0.0362069 0.0432154 0.0174682 0.0336563 -0.0263702 0.0549466 -0.0614178 -0.0528713 -0.052401 -0.0527612
internal_weight=53.3406 48.5127 43.3212 13.56 11.2835 3.43838 29.7612 2.3648 4.8279 3.53987 2.44079
internal_count=296 183 145 89 71 51 56 49 113 93 55
is_linear=0
shrinkage=0.05


Tree=35
num_leaves=12
num_cat=0
split_feature=16 7 24 1 34 12 19 34 34 19 19
split_gain=13.0371 7.63016 7.0578 4.98884 10.7336 0.509845 0.0402752 0.00100541 0.000518369 0.000348995 0.00041339
threshold=35.416666666666679 4.5194625451442958 2.4477915415413238 61.311677876305559 2157.4489222500006 0.023319132189551801 0.90993794372948644 542.43215648333342 2519.9906084000008 0.9289283240829751 0.32772279787031261
decision_type=2 2 2 2 2 2 2 2 2 2 2
left_child=7 3 -3 5 -5 -2 -6 -1 -8 10 -9
right_child=1 2 -4 4 6 -7 8 9 -10 -11 -12
leaf_value=-0.053948751028743025 0.048893163487786745 -0.06138780498237232 0.028431707259768658 0.060099766462311216 -0.063849667528404402 0.062037569973038303 -0.051825689508490494 -0.051956638888367691 -0.053384221808173496 -0.051520803334730539 -0.053289268727895078
leaf_weight=1.2299697324633587 16.226899240165952 3.4836320504546148 5.8764672502875328 4.62421667575836 1.275762662291527 13.52717714756727 1.0456501767039301 1.1691994667053229 1.0893063582479952 1.0470687691122291 1.1586256772279737
leaf_count=20 35 30 33 6 9 18 33 34 19 38 21
internal_value=0.0275752 0.0354178 -0.00499723 0.0454283 0.0104685 0.054869 -0.056821 -0.0527249 -0.0526209 -0.0522789 -0.0526199
internal_weight=51.754 47.1491 9.3601 37.789 8.03494 29.7541 3.41072 4.60486 2.13496 3.37489 2.32783
internal_count=296 183 63 120 67 53 61 113 52 93 55
is_linear=0
shrinkage=0.05


Tree=36
num_leaves=11
num_cat=0
split_feature=16 35 19 20 14 14 19 21 4 29
split_gain=12.2079 7.27156 5.65493 7.41747 2.23875 0.0159883 0.000672822 0.000751104 0.000319602 0.000177112
threshold=35.416666666666679 13.500000000000002 0.82098660789963174 0.43347221378188566 0.10693957476304662 0.054913487897543405 0.9289283240829751 -0.61882457024105275 38.454698375928452 0.0010445877261371676
decision_type=2 2 2 2 2 2 2 2 2 2
left_child=6 2 4 -4 -2 8 7 -1 -5 -9
right_child=1 -3 3 5 -6 -7 -8 9 -10 -11
leaf_value=-0.051857925495692625 0.058896417634299439 -0.021751961885543784 0.046732701813054826 -0.052121647684022138 0.030683530539158562 -0.060273299457324327 -0.051444732776117476 -0.053861974746034574 -0.053333555539527427 -0.052979570839527791
leaf_weight=1.1142405625432732 23.376780658960342 5.0744660943746558 4.0501660108566275 1.2574342954903848 10.056449335068463 0.99575537629425515 0.99743822403252114 1.1944273002445691 0.95884712226688851 1.0854238867759702
leaf_count=34 37 38 8 36 32 15 38 20 17 21
internal_value=0.0270455 0.034686 0.0417235 0.00173218 0.0504102 -0.0550105 -0.0525864 -0.0529219 -0.052646 -0.0534419
internal_weight=50.1614 45.7699 40.6954 7.2622 33.4332 3.21204 4.39153 3.39409 2.21628 2.27985
internal_count=296 183 145 76 69 68 113 75 53 41
is_linear=0
shrinkage=0.05


Tree=37
num_leaves=14
num_cat=0
split_feature=16 7 2 1 34 4 12 19 27 34 34 19 19
split_gain=11.4123 7.37714 6.59472 4.38529 9.67824 1.78182 0.540848 0.0315085 0.00254586 0.000738826 0.000373136 0.0002553 0.000301552
threshold=35.416666666666679 4.5194625451442958 -1.3412098141327709 61.311677876305559 2157.4489222500006 41.70452825020697 0.023319132189551801 0.90993794372948644 0.034885982174762818 542.43215648333342 2519.9906084000008 0.9289283240829751 0.32772279787031261
decision_type=2 2 2 2 2 2 2 2 2 2 2 2 2
left_child=9 3 -3 6 -5 8 -2 -6 -4 -1 -9 12 -11
right_child=1 2 5 4 7 -7 -8 10 -10 11 -12 -13 -14
leaf_value=-0.05355338934821028 0.047067231524461309 0.049602204069670711 -0.060345863591849951 0.05906039317893539 -0.062634895719397135 -0.0016622958111579839 0.061063199490984467 -0.051651958617091959 -0.057724193454996457 -0.051764348507765671 -0.053038437211945177 -0.051372558736331522 -0.052958058204794461
leaf_weight=1.1211901456117619 15.261754699051382 3.3899982832372189 1.7581268213689312 4.2925283908843985 1.211466118693352 2.1370699442923069 12.602285608649252 0.95103704929351784 1.9565401393920181 1.0617660637944943 0.99084955081343651 0.95009191706776608 1.0544963441789148
leaf_count=20 35 11 16 6 9 12 18 33 24 34 19 38 21
internal_value=0.0264619 0.0338796 -0.00589028 0.0442886 0.0102019 -0.0380379 0.0533973 -0.0563071 -0.058965 -0.0524551 -0.0523594 -0.0520535 -0.0523592
internal_weight=48.7392 44.5517 9.24174 35.3099 7.44588 5.85174 27.864 3.15335 3.71467 4.18754 1.94189 3.06635 2.11626
internal_count=296 183 63 120 67 52 53 61 40 113 52 93 55
is_linear=0
shrinkage=0.05


Tree=38
num_leaves=13
num_cat=0
split_feature=16 7 3 19 19 16 15 1 34 34 19 19
split_gain=10.6973 6.9785 6.48522 5.07322 6.38445 0.602529 0.00422119 0.00152111 0.000633326 0.000249441 0.00021855 0.000257858
threshold=35.416666666666679 4.5194625451442958 17.358951223062309 0.8146245656443577 0.90993794372948644 77.083333333333357 1.7680312365779514 61.433574874397429 542.43215648333342 2519.9906084000008 0.9289283240829751 0.32772279787031261
decision_type=2 2 2 2 2 2 2 2 2 2 2 2
left_child=8 3 6 5 -5 -2 -3 -6 -1 -9 11 -10
right_child=1 2 -4 4 7 -7 -8 9 10 -11 -12 -13
leaf_value=-0.053371459072146923 0.045091860012628077 -0.059039242968509924 0.028864612744549951 0.043102119926879782 -0.054556540275815107 0.060231457774648778 -0.055636488470078432 -0.05156923787856036 -0.051675627280727832 -0.052772168588460379 -0.051304073067103606 -0.052806151002392492
leaf_weight=1.0700526572763913 11.583652734756472 1.7654683012515291 5.4428224973380566 4.5685288608074179 1.0469656586647036 15.189495921134947 1.8840244300663469 0.90606893599033334 1.0116733610630042 0.82183708250522614 0.90493136644363392 1.005880558863282
leaf_count=20 25 18 20 8 15 22 25 33 34 17 38 21
internal_value=0.0259745 0.03321 -0.00571334 0.0435833 0.00676785 0.0536812 -0.0572826 -0.0530526 -0.0523307 -0.0521414 -0.0519497 -0.0522393
internal_weight=47.2014 43.2089 9.09232 34.1165 7.3434 26.7731 3.64949 2.77487 3.99254 1.72791 2.92249 2.01755
internal_count=296 183 63 120 73 47 43 65 113 50 93 55
is_linear=0
shrinkage=0.05


Tree=39
num_leaves=13
num_cat=0
split_feature=22 24 16 4 26 24 16 34 35 2 34 18
split_gain=10.04 9.97792 5.38922 8.39282 2.56197 0.586708 0.0167257 0.00340531 0.000502227 0.000176154 2.82705e-05 2.31235e-05
threshold=1.6443303195639469 2.4477915415413238 42.916666666666679 42.691472177267308 1.49336312608301 7.2582946627499316 31.250000000000004 2552.1903779666668 12.500000000000002 -0.35209876823612934 3195.6487685500001 0.41358721575312979
decision_type=2 2 2 2 2 2 2 2 2 2 2 2
left_child=1 -1 3 6 5 -4 8 9 -3 -2 -10 -11
right_child=7 2 4 -5 -6 -7 -8 -9 10 11 -12 -13
leaf_value=-0.061934139599739903 -0.05237159528482227 -0.052897303786350713 0.066981871688727546 0.056511009629562674 0.025056044487809511 0.050306044143874289 -0.060017582472092892 -0.054762979925833379 -0.051730983246373978 -0.051208564626026611 -0.051211583655856291 -0.051632309320542004
leaf_weight=2.6242094263434401 0.70137376524508055 1.5613714903593061 8.0920604318380374 3.2554368637502193 9.2973314151167852 15.14903588965535 0.969988103955984 1.7146303355693815 0.54909212142229058 0.75066950730979354 0.50103401392698288 0.56371487304568291
leaf_count=22 18 33 13 6 37 38 8 27 18 34 22 20
internal_value=0.0254856 0.0324677 0.0387593 -0.00159494 0.0472384 0.0561122 -0.0544111 -0.053125 -0.0523287 -0.0517317 -0.0514832 -0.0513903
internal_weight=45.7299 41.9996 39.3754 6.83692 32.5384 23.2411 3.58149 3.73039 2.6115 2.01576 1.05013 1.31438
internal_count=296 197 175 87 88 51 81 99 73 72 40 54
is_linear=0
shrinkage=0.05


Tree=40
num_leaves=12
num_cat=0
split_feature=24 19 16 4 6 16 4 19 16 26 2
split_gain=9.90776 11.0311 9.47327 4.40982 1.44715 0.014642 0.00156104 0.000402285 0.000198875 2.61107e-05 1.7875e-06
threshold=2.4477915415413238 0.90993794372948644 41.250000000000007 51.51597939917206 3.3958999085525821 35.416666666666679 39.474102071533459 0.32772279787031261 85.416666666666671 0.9155740538288254 0.66859712117814307
decision_type=2 2 2 2 2 2 2 2 2 2 2
left_child=-1 2 3 5 -4 7 8 -2 9 -3 -11
right_child=1 6 4 -5 -6 -7 -8 -9 -10 10 -12
leaf_value=-0.059959960772573311 -0.051503195803772307 -0.051544941200757415 0.055846815882907463 0.056911753273892134 0.032855905653973352 -0.059810806095273117 -0.053807002258278447 -0.052816930499527175 -0.052237371575215658 -0.051034503762441091 -0.05117759442574487
leaf_weight=3.1881536021828643 0.85590914823114861 0.54049906879663445 23.148844391107559 1.1899838447570799 9.7178192362189275 0.88621289283037175 1.3023579269647596 1.8256563823670147 0.85552302002906788 0.45658614113926888 0.4181223176419735
leaf_count=32 32 20 37 2 39 7 22 39 24 23 19
internal_value=0.0249585 0.0315301 0.0395033 -0.0264386 0.049049 -0.054239 -0.052427 -0.0523976 -0.0516355 -0.0512717 -0.0511029
internal_weight=44.3857 41.1975 37.6244 4.75776 32.8667 3.56778 3.57309 2.68157 2.27073 1.41521 0.874708
internal_count=296 264 156 80 76 78 108 71 86 62 42
is_linear=0
shrinkage=0.05


Tree=41
num_leaves=14
num_cat=0
split_feature=24 22 20 34 24 2 26 14 34 34 18 23 18
split_gain=9.28733 8.53719 6.39175 6.13887 8.46276 0.220257 0.0138276 0.00485332 0.00181849 0.00038704 0.000180282 9.21077e-05 2.79174e-05
threshold=2.4477915415413238 0.98998922403422651 0.2167546861284064 3007.2737124083337 5.8843033205701447 -0.086720958730956033 1.6330812632578089 0.15817261052732565 2552.1903779666668 542.43215648333342 0.68910024152299842 0.12310452064877296 0.46020202164097812
decision_type=2 2 2 2 2 2 2 2 2 2 2 2 2
left_child=-1 3 -3 5 -5 -2 7 10 9 -4 -6 -11 -13
right_child=1 2 8 4 6 -7 -8 -9 -10 11 -12 12 -14
leaf_value=-0.059435673338361 0.057865667268817672 0.041618908749088059 -0.052869632289972657 0.056473070750682287 -0.051703876636300695 0.048588723702811518 -0.060796729553039108 -0.056901824469723618 -0.053965514689149036 -0.051929534113134057 -0.052853677764027045 -0.051010979416495184 -0.051539764569302371
leaf_weight=3.0587386805564156 13.075055062770845 2.9021037593483916 0.82491208985447917 3.2965708449482909 0.86846897937357492 12.529528945684431 1.0836712047457693 0.86397786438465107 1.8953689206391571 0.96486643329262722 0.5612235926091671 0.56041132472455479 0.45006573013961315
leaf_count=32 21 6 18 11 33 32 8 11 35 30 13 29 17
internal_value=0.0245288 0.0309694 -0.016716 0.0421936 -0.000516046 0.053326 -0.0561422 -0.0539432 -0.0527695 -0.05196 -0.0521552 -0.0515801 -0.0512465
internal_weight=42.935 39.8762 7.59773 32.2785 6.67391 25.6046 3.37734 2.29367 4.69562 2.80026 1.42969 1.97534 1.01048
internal_count=296 264 135 129 76 53 65 57 129 94 46 76 46
is_linear=0
shrinkage=0.05


Tree=42
num_leaves=13
num_cat=0
split_feature=19 22 34 22 19 4 34 14 4 13 1 1
split_gain=8.45035 8.98376 4.63495 1.62501 2.22171 1.46781 0.266462 0.0163372 0.00113038 0.000721744 0.000126615 1.48162e-05
threshold=0.90993794372948644 -0.78603860974659845 3248.1319845250005 0.49429644387919797 0.68780267349536084 16.100524766659529 3949.865592208334 0.19865470852017805 39.474102071533459 0.20236224065971903 63.234059713723262 69.752616795286642
decision_type=2 2 2 2 2 2 2 2 2 2 2 2
left_child=1 5 3 -3 -5 -1 -4 9 10 -7 -2 -12
right_child=8 2 6 4 -6 7 -8 -9 -10 -11 11 -13
leaf_value=0.0082784813568077646 -0.05198396198865262 0.056215482707400892 -0.0091146687115771039 0.056688308452990104 0.0054758764953748568 -0.054544769133522387 0.011518092614584773 -0.060988942819830638 -0.053382972890583948 -0.052354983095722556 -0.051307286697428116 -0.050963289203840717
leaf_weight=1.2019446380436409 0.7701294757425784 19.169835254549984 3.3317492380738249 4.0542777180671674 4.4337420351803303 0.85185491293668769 2.9506080206483603 1.4502363968640564 1.2237737812101839 0.6740215327590704 0.84288706630468346 0.49792458303272724
leaf_count=10 25 33 19 7 39 21 22 14 23 20 36 27
internal_value=0.024151 0.0308282 0.0393447 0.0481509 0.0299373 -0.0383553 0.000575833 -0.057189 -0.0521739 -0.0535775 -0.051473 -0.0511795
internal_weight=41.453 38.1183 33.9402 27.6579 8.48802 4.17806 6.28236 2.97611 3.33471 1.52588 2.11094 1.34081
internal_count=296 185 120 79 46 65 41 55 111 41 88 63
is_linear=0
shrinkage=0.05


Tree=43
num_leaves=12
num_cat=0
split_feature=16 35 9 19 4 21 6 19 19 19 15
split_gain=8.13767 5.74381 4.30012 3.78357 3.7114 0.362441 0.349342 0.00280508 0.000307916 0.000331942 8.44694e-05
threshold=35.416666666666679 13.500000000000002 0.0050181117697567007 0.61873909118173009 53.462472778952467 1.0923303365977477 1.3596820136814933 0.91504662448942731 0.9289283240829751 0.32772279787031261 0.32842215230001198
decision_type=2 2 2 2 2 2 2 2 2 2 2
left_child=8 2 6 -4 5 -5 -2 -7 9 -1 -11
right_child=1 -3 3 4 -6 7 -8 -9 -10 10 -12
leaf_value=-0.051352502244405296 0.056613138763217989 -0.021772745137728183 0.032725867330527167 -0.096294037643844074 0.04213108881787192 -0.055902984720541199 0.043711365594356094 -0.051732977128886984 -0.051009042078138334 -0.052198789218600466 -0.052895989739955296
leaf_weight=0.81319777853786934 11.931239426136019 4.6224240977317086 7.4634561724960786 0.6969080716371544 1.1920043528079984 0.67270788550376881 9.3650644272565824 1.006936954334378 0.70791584067046631 0.80467075854539849 0.94419794902205467
leaf_count=34 22 38 26 8 5 8 39 37 38 21 20
internal_value=0.0236701 0.0303605 0.0378147 0.0124784 -0.0298681 -0.0659806 0.0509396 -0.0534031 -0.0519321 -0.0521871 -0.0525752
internal_weight=40.2207 36.9507 32.3283 11.032 3.56856 2.37655 21.2963 1.67964 3.26998 2.56207 1.74887
internal_count=296 183 145 84 58 53 61 45 113 75 41
is_linear=0
shrinkage=0.05


Tree=44
num_leaves=13
num_cat=0
split_feature=22 22 34 11 22 9 4 11 14 34 23 22
split_gain=7.68421 8.32747 3.26652 7.62589 2.04498 2.85099 3.15732 1.66862 0.0144041 0.00204493 0.000116232 1.10326e-05
threshold=1.6443303195639469 -0.78603860974659845 3130.2399272333337 0.76003832347394717 0.49429644387919797 0.0047030754660026012 52.505246983754141 0.71104760338560713 0.19865470852017805 2552.1903779666668 -0.22414274929644457 2.1621636472093893
decision_type=2 2 2 2 2 2 2 2 2 2 2 2
left_child=1 7 4 -4 -3 -6 -7 -1 -9 10 -2 -12
right_child=9 2 3 -5 5 6 -8 8 -10 -11 11 -13
leaf_value=0.017377194360364005 -0.051959719650295014 0.055330829395142535 -0.056928841607004982 0.057214221649172281 0.050986048923110566 -0.055785661156228641 0.036990052735938188 -0.053754588589998077 -0.060693326154178995 -0.053997069853952223 -0.051212935141314198 -0.05087005732454624
leaf_weight=1.0051405318081368 0.61474543437361706 17.722936764359478 2.7205318957567206 3.1664101555943489 4.7505809105932695 1.7682804353535178 1.9049835652112959 1.5677204485982659 1.4303271342068908 1.4531874675303695 0.6462280768901103 0.36831975076347589
leaf_count=15 19 33 37 9 12 38 3 37 13 27 31 22
internal_value=0.0231365 0.0296177 0.0381144 0.0044653 0.0456905 0.0254081 -0.00767145 -0.0383737 -0.057065 -0.0526334 -0.0514172 -0.0510885
internal_weight=39.1194 36.0369 32.0337 5.88694 26.1468 8.42384 3.67326 4.00319 2.99805 3.08248 1.62929 1.01455
internal_count=296 197 132 46 86 53 41 65 50 99 72 53
is_linear=0
shrinkage=0.05


Tree=45
num_leaves=14
num_cat=0
split_feature=19 16 13 11 26 21 34 16 4 19 16 26 2
split_gain=7.30476 6.74377 5.94906 4.91159 3.41217 1.41029 0.303903 0.00961945 0.0010185 0.000246444 0.000100529 1.63025e-05 1.77537e-06
threshold=0.90993794372948644 41.250000000000007 0.20785339552723803 0.76003832347394717 2.8604700065416311 -1.290273658583015 2622.4907929250007 35.416666666666679 39.474102071533459 0.32772279787031261 85.416666666666671 0.9155740538288254 0.71004600634672432
decision_type=2 2 2 2 2 2 2 2 2 2 2 2 2
left_child=1 4 6 5 7 -4 -3 9 10 -1 11 -2 -13
right_child=8 2 3 -5 -6 -7 -8 -9 -10 -11 -12 12 -14
leaf_value=-0.051260085992800491 -0.051257169389816094 0.057244940633233737 -0.0036502507598461438 0.045538218019342581 0.051413226214854994 -0.0596497047367337 0.045539164766432667 -0.057808476197727714 -0.053198379639911142 -0.052366028901030953 -0.051776102793326055 -0.050801175366291085 -0.050958535147806364
leaf_weight=0.7569546392187475 0.43863375857472353 10.004735797643667 2.0893623456358918 3.4322792440652847 1.0046435482800005 2.4341076053678972 12.43763407319784 1.0385500527918337 1.1403255611658094 1.5057378839701412 0.69581778720021237 0.40341892652213573 0.32255653105676174
leaf_count=34 20 17 16 11 3 25 31 10 23 38 24 26 18
internal_value=0.022821 0.0292924 0.0375878 0.000437342 -0.0292707 -0.0337839 0.0507576 -0.0538246 -0.0520218 -0.051996 -0.0513006 -0.0510165 -0.0508711
internal_weight=37.7048 34.704 30.3981 7.95575 4.30589 4.52347 22.4424 3.30124 3.00075 2.26269 1.86043 1.16461 0.725975
internal_count=296 185 100 52 85 41 48 82 111 72 88 64 44
is_linear=0
shrinkage=0.05


Tree=46
num_leaves=15
num_cat=0
split_feature=24 1 22 20 4 22 14 14 12 22 4 0 15 10
split_gain=7.9727 6.62941 3.35739 4.58174 3.02455 2.10672 5.18876 1.93017 0.233941 0.0258965 0.00248563 0.000540701 6.22148e-05 2.09219e-05
threshold=2.4477915415413238 62.38743387096131 -0.62274319956062585 -2.215808629486979 51.51597939917206 0.7662334626372258 0.071636775544328415 0.016389858726495003 1.0000000180025095e-35 0.54505304180166447 29.388086762176304 43.030723131339776 0.14368046207896987 50.416666666666671
decision_type=2 2 2 2 2 2 2 2 2 2 2 2 2 2
left_child=-1 2 3 -2 9 8 7 -7 -4 -3 -5 12 13 -11
right_child=1 4 5 10 -6 6 -8 -9 -10 11 -12 -13 -14 -15
leaf_value=-0.058891161003029602 0.058268109078949352 -0.061528889989642045 0.045369941394472521 -0.052430834589932064 0.043617486949213469 0.01907703191327112 0.057103526410228395 -0.066757722541170711 0.056645610819663496 -0.050886336209966625 -0.055823305104353661 -0.053027571179010441 -0.051764933169201922 -0.051358202295242544
leaf_weight=2.7834215629845849 1.564299024641514 1.0123449712991708 7.5985252000391545 1.1158976228907733 1.0394896008074281 1.0789412707090371 3.8163542523980141 1.6666871095076201 11.657007414847611 0.6817833883687856 1.0461056176573036 0.61117006186395872 0.42830397840589274 0.35840011946856976
leaf_count=32 3 8 21 33 5 13 11 39 24 41 20 16 14 16
internal_value=0.0224365 0.0291586 0.0374546 -0.00691188 -0.0301656 0.0438582 0.0193914 -0.0330275 0.0521961 -0.0549704 -0.0540723 -0.0517779 -0.0512578 -0.0510489
internal_weight=36.4587 33.6753 29.5438 3.7263 4.13149 25.8175 6.56198 2.74563 19.2555 3.092 2.162 2.07966 1.46849 1.04018
internal_count=296 264 164 56 100 108 63 52 45 95 53 87 71 57
is_linear=0
shrinkage=0.05


Tree=47
num_leaves=14
num_cat=0
split_feature=19 16 13 11 27 12 24 16 4 19 16 27 2
split_gain=6.55055 6.03815 5.37626 4.24362 3.10392 1.80954 0.434331 0.00787116 0.000831867 0.000190002 7.04296e-05 1.36933e-05 1.21775e-06
threshold=0.90993794372948644 41.250000000000007 0.20785339552723803 0.76003832347394717 0.48192816758003182 -0.34929106721592756 19.758875739643191 35.416666666666679 39.474102071533459 0.32772279787031261 85.416666666666671 -0.044073111390105051 0.71004600634672432
decision_type=2 2 2 2 2 2 2 2 2 2 2 2 2
left_child=1 4 6 5 7 -4 -3 9 10 -1 11 -2 -13
right_child=8 2 3 -5 -6 -7 -8 -9 -10 -11 -12 12 -14
leaf_value=-0.051150241629080384 -0.051157678546956145 0.041340576176507514 0.0088820095535164095 0.042551639610727936 0.050654509959864383 -0.058222048256681182 0.055938616415871195 -0.057271500857875669 -0.052960017016968591 -0.052165868479072369 -0.051595147492490737 -0.050726773541936998 -0.050863649893887565
leaf_weight=0.68859739415347609 0.40228088572621334 8.9330901540815884 1.6252493187785155 3.3627276383340359 0.93235710263252247 2.6309661194682104 11.860262751579283 0.97657347843050946 1.0659905988723037 1.3901852592825887 0.63037725631147612 0.36669393442571108 0.29180335346609354
leaf_count=34 20 24 10 11 3 31 24 10 23 38 24 26 18
internal_value=0.0221191 0.028415 0.0365015 0.000570265 -0.0292007 -0.0325982 0.0496671 -0.0535689 -0.0518661 -0.0518294 -0.0511766 -0.0509278 -0.0507874
internal_weight=35.1572 32.4 28.4123 7.61894 3.98771 4.25622 20.7934 3.05536 2.75715 2.07878 1.69116 1.06078 0.658497
internal_count=296 185 100 52 85 41 48 82 111 72 88 64 44
is_linear=0
shrinkage=0.05


Tree=48
num_leaves=15
num_cat=0
split_feature=22 22 34 22 9 23 0 10 22 19 16 4 19 16
split_gain=6.27451 6.88448 2.83929 1.75022 2.38075 1.32619 0.8455 0.318218 0.00794951 0.00172873 0.000938855 0.000518205 8.85565e-05 2.78652e-05
threshold=1.6443303195639469 -0.78603860974659845 3130.2399272333337 0.49429644387919797 0.0047030754660026012 -1.6323738582425869 11.443103925112064 22.916666666666668 -0.95176318165095963 0.83452193618084503 37.083333333333336 40.177066270467073 0.91504662448942731 86.250000000000014
decision_type=2 2 2 2 2 2 2 2 2 2 2 2 2 2
left_child=1 5 3 -3 -5 -1 -4 -6 10 -2 -7 12 -11 -14
right_child=9 2 6 4 7 8 -8 -9 -10 11 -12 -13 13 -15
leaf_value=0.016096864214534368 -0.054742092382195663 0.053859475230330578 0.028387379232710681 0.049480369141193775 0.0085035529420155707 -0.051784928969667743 -0.012061802567665245 -0.023092346518626808 -0.058912975132235507 -0.05185426316774458 -0.054136991801216811 -0.053079171182763445 -0.050823463919574909 -0.051354445820527228
leaf_weight=0.86465056240558658 0.59739469364285414 15.152792707085615 2.129474025219678 4.0425967946648589 1.5029825717210772 0.71995553001761492 3.284662090241909 1.6962959002703426 0.91866847127676243 0.41192146390676532 1.0330336466431616 0.50106836296617974 0.75543743371963479 0.36717721540480852
leaf_count=5 9 33 18 12 15 33 28 26 10 13 17 11 50 16
internal_value=0.0217573 0.0279846 0.0363407 0.0441962 0.023977 -0.0377262 0.00384757 -0.00824897 -0.0551454 -0.0523771 -0.053171 -0.0516831 -0.0512272 -0.0509971
internal_weight=33.9781 31.3451 27.8088 22.3947 7.24188 3.53631 5.41414 3.19928 2.67166 2.633 1.75299 2.0356 1.53454 1.12261
internal_count=296 197 132 86 53 65 46 41 60 99 50 90 79 66
is_linear=0
shrinkage=0.05


Tree=49
num_leaves=15
num_cat=0
split_feature=19 7 2 16 5 7 26 24 16 5 16 23 26 2
split_gain=5.92752 5.58003 4.21222 2.16543 5.63744 1.21023 0.246976 0.0119441 0.00371275 0.000679506 5.78344e-05 3.41541e-05 1.26691e-05 9.74097e-07
threshold=0.90993794372948644 4.5194625451442958 -1.3412098141327709 48.333333333333336 0.4082968032660873 8.8900720869417551 1.2256627622811953 2.1481396321061248 31.250000000000004 0.39474102071533446 85.416666666666671 0.14199686536071912 0.9155740538288254 0.71004600634672432
decision_type=2 2 2 2 2 2 2 2 2 2 2 2 2 2
left_child=1 3 -3 4 8 7 -5 -4 11 10 12 -1 -2 -14
right_child=9 2 5 6 -6 -7 -8 -9 -10 -11 -12 -13 13 -15
leaf_value=-0.051874028989311344 -0.051080606206206428 0.037080915771036803 -0.060789839145178964 0.054787583972536191 0.050449895439277893 -0.0040890963177444206 0.042750598958063019 -0.05453388018434803 -0.055988470268819479 -0.052759083822348923 -0.051484438875563115 -0.051351928894510991 -0.050653761757579845 -0.050782332962833458
leaf_weight=0.62031179480255294 0.37919189315289192 2.9762387564405799 1.4541369751095765 8.6134166717529315 3.6476391572505236 1.6226792130619285 8.4343398883938772 1.6051916964352129 0.7892481293529271 1.0019552130252121 0.58191314432770014 0.63276825658977032 0.33104371372610331 0.26544182095676661
leaf_count=19 20 18 14 20 12 14 20 31 10 23 24 27 26 18
internal_value=0.0213317 0.0274851 -0.00942875 0.039918 0.0132096 -0.0389938 0.0488323 -0.0575074 -0.0533023 -0.0517433 -0.0510899 -0.0516104 -0.0508546 -0.050711
internal_weight=32.9555 30.396 7.65825 22.7377 5.68997 4.68201 17.0478 3.05933 2.04233 2.55955 1.55759 1.25308 0.975677 0.596486
internal_count=296 185 77 108 68 59 40 45 56 111 88 46 64 44
is_linear=0
shrinkage=0.05


Tree=50
num_leaves=13
num_cat=0
split_feature=24 19 34 24 22 19 1 19 4 22 1 1
split_gain=6.97905 6.55445 3.41375 4.89056 1.1691 1.65576 0.0706434 0.0085605 0.000591333 0.00050751 4.95578e-05 5.64597e-06
threshold=2.4477915415413238 0.90993794372948644 3007.2737124083337 5.8843033205701447 0.49429644387919797 0.68780267349536084 45.006058676386914 0.39047929564350642 39.474102071533459 -1.2227890208508743 63.234059713723262 69.752616795286642
decision_type=2 2 2 2 2 2 2 2 2 2 2 2
left_child=-1 2 4 -4 6 -6 -2 9 10 -5 -3 -12
right_child=1 8 3 7 5 -7 -8 -9 -10 -11 11 -13
leaf_value=-0.058207879674259555 0.048180371509803727 -0.051409375820817851 0.038901805279183556 -0.051592005643283291 0.054445251219694651 0.0037715167692826679 0.055125954901906297 -0.058691581612707072 -0.052654249129829571 -0.053659832903929221 -0.05090600028019876 -0.050646726448728835
leaf_weight=2.5593559332191971 6.7984814010560601 0.5557263903319829 3.3684635385870925 0.6079661576077342 2.9218352437019339 3.5960051063448191 7.9326483011245728 1.1221640836447475 0.92997950129210938 0.57961529493331931 0.5553656741976738 0.33761849161237478
leaf_count=32 24 25 17 29 7 39 18 11 22 11 34 27
internal_value=0.0209733 0.0278884 0.0349164 0.000477171 0.0441193 0.0264877 0.0519205 -0.0555602 -0.0516703 -0.0526012 -0.0510387 -0.050808
internal_weight=31.8652 29.3059 26.9272 5.67821 21.249 6.51784 14.7311 2.30975 2.37869 1.18758 1.44871 0.892984
internal_count=296 264 156 68 88 46 42 51 108 40 86 61
is_linear=0
shrinkage=0.05


end of trees

feature_importances:
donchian_q=73
dev_z_ema200=67
event_proximity_min=67
h1_adx=65
atr_pct=56
minus_di=23
body_wick_ratio=20
rsi_14=19
session_eu=17
pullback_depth=15
bbw=14
hurst=14
atr_14=13
plus_di=13
ema20_dist_atr=13
macd_slope3=13
body_ratio=12
spread_atr=12
di_ratio=12
macd=10
adx_14=9
dev_z_ema20=9
bbw_pct=8
dev_z_ema60=8
h1_trend_strength=5
macro_risk_score=5
mm=4
di_net=4
session_asia=3
sentiment_risk_score=3
spread_atr_log=1
close_mom_atr=1

parameters:
[boosting: gbdt]
[objective: binary]
[metric: auc,binary_logloss]
[tree_learner: serial]
[device_type: cpu]
[data_sample_strategy: bagging]
[data: ]
[valid: ]
[num_iterations: 300]
[learning_rate: 0.05]
[num_leaves: 15]
[num_threads: 24]
[seed: 42]
[deterministic: 0]
[force_col_wise: 0]
[force_row_wise: 0]
[histogram_pool_size: -1]
[max_depth: -1]
[min_data_in_leaf: 20]
[min_sum_hessian_in_leaf: 0.001]
[bagging_fraction: 0.8]
[pos_bagging_fraction: 1]
[neg_bagging_fraction: 1]
[bagging_freq: 0]
[bagging_seed: 400]
[bagging_by_query: 0]
[feature_fraction: 0.8]
[feature_fraction_bynode: 1]
[feature_fraction_seed: 30056]
[extra_trees: 0]
[extra_seed: 12879]
[early_stopping_round: 0]
[early_stopping_min_delta: 0]
[first_metric_only: 0]
[max_delta_step: 0]
[lambda_l1: 0]
[lambda_l2: 0]
[linear_lambda: 0]
[min_gain_to_split: 0]
[drop_rate: 0.1]
[max_drop: 50]
[skip_drop: 0.5]
[xgboost_dart_mode: 0]
[uniform_drop: 0]
[drop_seed: 17869]
[top_rate: 0.2]
[other_rate: 0.1]
[min_data_per_group: 100]
[max_cat_threshold: 32]
[cat_l2: 10]
[cat_smooth: 10]
[max_cat_to_onehot: 4]
[top_k: 20]
[monotone_constraints: ]
[monotone_constraints_method: basic]
[monotone_penalty: 0]
[feature_contri: ]
[forcedsplits_filename: ]
[refit_decay_rate: 0.9]
[cegb_tradeoff: 1]
[cegb_penalty_split: 0]
[cegb_penalty_feature_lazy: ]
[cegb_penalty_feature_coupled: ]
[path_smooth: 0]
[interaction_constraints: ]
[verbosity: -1]
[saved_feature_importance_type: 0]
[use_quantized_grad: 0]
[num_grad_quant_bins: 4]
[quant_train_renew_leaf: 0]
[stochastic_rounding: 1]
[linear_tree: 0]
[max_bin: 255]
[max_bin_by_feature: ]
[min_data_in_bin: 3]
[bin_construct_sample_cnt: 200000]
[data_random_seed: 175]
[is_enable_sparse: 1]
[enable_bundle: 1]
[use_missing: 1]
[zero_as_missing: 0]
[feature_pre_filter: 1]
[pre_partition: 0]
[two_round: 0]
[header: 0]
[label_column: ]
[weight_column: ]
[group_column: ]
[ignore_column: ]
[categorical_feature: ]
[forcedbins_filename: ]
[precise_float_parser: 0]
[parser_config_file: ]
[objective_seed: 16083]
[num_class: 1]
[is_unbalance: 0]
[scale_pos_weight: 5.57778]
[sigmoid: 1]
[boost_from_average: 1]
[reg_sqrt: 0]
[alpha: 0.9]
[fair_c: 1]
[poisson_max_delta_step: 0.7]
[tweedie_variance_power: 1.5]
[lambdarank_truncation_level: 30]
[lambdarank_norm: 1]
[label_gain: ]
[lambdarank_position_bias_regularization: 0]
[eval_at: ]
[multi_error_top_k: 1]
[auc_mu_weights: ]
[num_machines: 1]
[local_listen_port: 12400]
[time_out: 120]
[machine_list_filename: ]
[machines: ]
[gpu_platform_id: -1]
[gpu_device_id: -1]
[gpu_device_id_list: ]
[gpu_use_dp: 0]
[num_gpu: 1]

end of parameters

pandas_categorical:[]
