tree
version=v4
num_class=1
num_tree_per_iteration=1
label_index=0
max_feature_idx=34
objective=binary sigmoid:1
feature_names=pre_score confidence lot adx_14 rsi_14 macd atr_14 h1_adx h1_trend_strength ai_sl_mult suggested_lot_ratio plus_di minus_di er bbw bbw_pct hurst mm ema20_dist_atr body_ratio pullback_depth atr_pct spread_num spread_atr session_asia session_eu session_us event_proximity_min macro_risk_score sentiment_risk_score di_ratio di_net spread_atr_log close_mom_atr trend_aligned
feature_infos=[0.46439999999999998:0.79069999999999996] [0.46439999999999998:0.79069999999999996] none [16.370000000000001:52.920000000000002] [24.120000000000001:83.370000000000005] [-9.4451999999999998:8.5578000000000003] [2.4399999999999999:10.970000000000001] [11.402173742662027:56.728022331625752] [0.1140217374266202:0.56728022331625749] none none [0.59610170124626793:16.241810417198558] [0.397859668851131:11.036819092439693] [0.0047058823529369997:0.95278688524594457] [0.0023982695403750999:0.022937907711753101] [0.83333333333333337:99.166666666666686] [0.56962557001860947:0.78688275849070621] [-0.6969482732838953:0.91552254606036521] [0.00031025813951469997:1.1226306141140012] [0.00023889154323369999:0.96945010183306723] [0.0013305956450303999:2.0121221671823641] [0.83333333333333337:100] none [0.17864646809430421:1.6772154445805121] [0:1] [0:1] [0:1] [104.62338308333332:4744.8568074500008] none none [0.14536278880932316:6.4595465368312626] [-0.74617145846624133:0.73188752470644658] [0.16436671916263187:0.9847772411581267] [-0.15881944684506358:0.31678980832538589] none
tree_sizes=964 881 989 1093 1083 1181 1075 1185 1078 1084 1186 1296 984 1086 1190 1081 1189 1085 1087 1088 1190 1077 1186 1086 1286 1079 1186 1180 1181 1082 1182 1087 1080 1090 1184 1082 1295 1193 1081 1289 1207 1198 1092

Tree=0
num_leaves=8
num_cat=0
split_feature=21 26 15 4 17 17 17
split_gain=170.279 103.494 59.8094 49.1763 25.4073 3.55271e-15 1.77636e-15
threshold=36.250000000000007 1.0000000180025095e-35 54.583333333333336 58.965000000000011 -0.055052071078980296 -0.0055004342042870484 0.11971477078540786
decision_type=2 2 2 2 2 2 2
left_child=5 2 4 -3 -2 -1 -7
right_child=1 3 -4 -5 -6 6 -8
leaf_value=-1.4811809551485609 -1.2364337933449461 -1.2795142892470763 -1.1704716147249921 -1.4811809551485609 -1.3703067159474784 -1.4811809551485611 -1.4811809551485609
leaf_weight=3.9214033633470544 6.7552707493305153 5.1239669919013959 18.624051317572594 7.3722383230924606 7.4558948725461995 5.4899647086858714 3.6076910942792892
leaf_count=25 18 17 31 47 35 35 23
internal_value=-1.3218 -1.27603 -1.22942 -1.39849 -1.30667 -1.48118 -1.48118
internal_weight=58.3505 45.3314 32.8352 12.4962 14.2112 13.0191 9.09766
internal_count=231 148 84 64 53 83 58
is_linear=0
shrinkage=1


Tree=1
num_leaves=7
num_cat=0
split_feature=25 17 15 3 19 31
split_gain=182.532 48.3304 25.579 10.0748 0.00222862 1.86312e-05
threshold=1.0000000180025095e-35 -0.11926620287798918 54.583333333333336 28.005000000000006 0.15122630509894733 -0.11545999454623494
decision_type=2 2 2 2 2 2
left_child=1 -1 -2 -3 5 -5
right_child=2 3 -4 4 -6 -7
leaf_value=0.095569163433690998 0.10421974695824557 0.019058220108276118 0.20128823430221507 -0.061510117835764058 -0.062868983948149423 -0.061368448218344689
leaf_weight=9.0805086642503756 9.8757373541593569 5.0817748606205013 21.698589265346527 3.0398449897766175 3.2419461905956259 9.810572192072863
leaf_count=32 35 26 33 20 20 65
internal_value=0.0868319 -0.00093184 0.170927 -0.0423162 -0.0616975 -0.061402
internal_weight=61.829 30.2546 31.5743 21.1741 16.0924 12.8504
internal_count=231 163 68 131 105 85
is_linear=0
shrinkage=0.05


Tree=2
num_leaves=8
num_cat=0
split_feature=25 17 14 3 19 7 30
split_gain=143.784 42.3954 16.0495 9.6069 0.00185344 1.59154e-05 1.17863e-09
threshold=1.0000000180025095e-35 -0.11926620287798918 0.0047133460168094004 28.005000000000006 0.15122630509894733 30.773709429955016 0.88365964495176097
decision_type=2 2 2 2 2 2 2
left_child=1 -1 -2 -3 5 6 -5
right_child=2 3 -4 4 -6 -7 -8
leaf_value=0.085995409389686861 0.17238097368205871 0.017892925892326928 0.099677576821495251 -0.060690551766015011 -0.062086539657091259 -0.060824908919119458 -0.060691762714732311
leaf_weight=9.5731549412012118 23.134075462818146 5.1405299901962307 11.298067167401312 2.90240430831909 3.1217088699340811 2.9236047565937033 6.5308892726898193
leaf_count=32 32 26 36 20 20 20 45
internal_value=0.078687 -0.000958433 0.148525 -0.0413298 -0.060998 -0.060723 -0.0606914
internal_weight=64.6244 30.1923 34.4321 20.6191 15.4786 12.3569 9.43329
internal_count=231 163 68 131 105 85 65
is_linear=0
shrinkage=0.05


Tree=3
num_leaves=9
num_cat=0
split_feature=25 33 5 23 6 7 20 20
split_gain=116.848 37.9837 14.61 50.2869 6.72731 0.00302151 0.000621407 6.21867e-09
threshold=1.0000000180025095e-35 -0.02351575736980744 1.0000000180025095e-35 0.54647117413347257 4.4850000000000003 36.148983280930899 0.14758131206665645 0.085641268342257812
decision_type=2 2 2 2 2 2 2 2
left_child=1 -1 -2 -4 5 6 7 -3
right_child=2 4 3 -5 -6 -7 -8 -9
leaf_value=0.078888040223720618 0.16501067944700232 -0.060061691171098434 0.0079953016734205275 0.17130114202986818 0.00069397314133040264 -0.062106678404447217 -0.060867187790315691 -0.060058550673413362
leaf_weight=9.959409028291704 17.47569751739502 3.6259278953075427 8.1983484029769915 11.091737627983091 6.6413792818784705 3.2705135345458975 3.7998343110084534 2.7885949015617371
leaf_count=32 21 26 34 13 38 21 26 20
internal_value=0.0720983 -0.000976448 0.131896 0.101896 -0.0404971 -0.060784 -0.0603605 -0.0600603
internal_weight=66.8514 30.0857 36.7658 19.2901 20.1262 13.4849 10.2144 6.41452
internal_count=231 163 68 47 131 93 72 46
is_linear=0
shrinkage=0.05


Tree=4
num_leaves=9
num_cat=0
split_feature=21 25 20 20 20 20 8 13
split_gain=98.6645 55.0522 31.8539 12.6474 10.0288 0.0102257 0.00186132 0.00119401
threshold=36.250000000000007 1.0000000180025095e-35 0.14758131206665645 1.0596931386402924 0.12864729043440468 0.2896758901595044 0.36148983280930891 0.24585642660902918
decision_type=2 2 2 2 2 2 2 2
left_child=5 2 6 -4 -3 7 -2 -1
right_child=1 4 3 -5 -6 -7 -8 -9
leaf_value=-0.061040924107711093 -0.059474763761285847 0.092346384552676852 0.12241456646150113 0.025087496351705443 0.14924416975574739 -0.063169268005815432 -0.061137627052628901 -0.059712403663635262
leaf_weight=2.8886642754077894 3.4821403920650509 11.234862744808195 6.5828891545534116 6.7713529467582703 24.928764402866364 5.3510085791349411 3.2568435221910477 4.080116331577301
leaf_count=20 26 25 18 28 29 33 22 30
internal_value=0.0666334 0.0946991 0.028343 0.0730643 0.131568 -0.0615254 -0.0602784 -0.0602631
internal_weight=68.5766 56.2569 20.0932 13.3542 36.1636 12.3198 6.73898 6.96878
internal_count=231 148 94 46 54 83 48 50
is_linear=0
shrinkage=0.05


Tree=5
num_leaves=10
num_cat=0
split_feature=21 14 12 23 15 5 23 5 23
split_gain=86.1095 45.8578 18.1054 9.71502 5.17434 4.23722 10.4539 0.00871912 0.00190253
threshold=36.250000000000007 0.0068662481637816507 3.2066361444465987 0.59277463226568972 47.083333333333336 -1.0000000180025095e-35 0.54647117413347257 3.6410000000000005 0.61236810154565058
decision_type=2 2 2 2 2 2 2 2 2
left_child=7 2 5 -3 -4 -2 -7 -1 -9
right_child=1 3 4 -5 -6 6 -8 8 -10
leaf_value=-0.062647877353941103 0.13855321692513545 -0.063489774189663367 0.081278269692622834 0.042788630205987478 0.011400798853951495 0.066493393272858178 0.13967823771468238 -0.059255119182774187 -0.060928701422145827
leaf_weight=4.274175748229025 19.030706107616417 5.0380228906869871 5.5694552063941938 3.751407116651535 5.0526372790336609 9.171454831957826 10.427119076251982 5.0019613206386566 2.5710113197565079
leaf_count=27 20 32 18 14 22 31 11 38 18
internal_value=0.0620017 0.0870764 0.105851 -0.0181292 0.0480395 0.121748 0.10543 -0.0608423 -0.0598233
internal_weight=69.888 58.0408 49.2514 8.78943 10.6221 38.6293 19.5986 11.8471 7.57297
internal_count=231 148 102 46 40 62 42 83 56
is_linear=0
shrinkage=0.05


Tree=6
num_leaves=9
num_cat=0
split_feature=21 20 12 13 15 20 5 20
split_gain=75.8316 42.7313 29.1553 14.0404 9.19496 2.29479 0.00726922 0.00171674
threshold=36.250000000000007 0.096208119729868605 3.3892120084783164 0.43138885068498417 37.083333333333336 0.22338838552877974 3.6410000000000005 0.14141292126340987
decision_type=2 2 2 2 2 2 2 2
left_child=6 4 5 -4 -2 -3 -1 -8
right_child=1 2 3 -5 -6 -7 7 -9
leaf_value=-0.061885689687577045 -0.062885017553981307 0.10824229365940319 -0.011312509766910893 0.096999512912947547 0.040764774220112251 0.13278533316962657 -0.058657510880629364 -0.06024240403409236
leaf_weight=4.1145204305648786 5.2501479983329755 19.759251527488232 7.4822587147355062 4.9857349544763565 3.6116151362657547 18.38674396276474 4.526082307100296 2.7447857111692429
leaf_count=27 34 32 37 13 13 19 36 20
internal_value=0.0580127 0.0806433 0.0983769 0.0319996 -0.0206425 0.120072 -0.0602062 -0.0592558
internal_weight=70.8611 59.4758 50.614 12.468 8.86176 38.146 11.3854 7.27087
internal_count=231 148 101 50 47 51 83 56
is_linear=0
shrinkage=0.05


Tree=7
num_leaves=10
num_cat=0
split_feature=3 25 33 6 30 27 8 27 4
split_gain=68.6249 31.8788 20.5571 9.85398 5.25533 3.86741 0.017085 0.00637345 0.00404008
threshold=34.660000000000004 1.0000000180025095e-35 -0.02351575736980744 4.4850000000000003 1.5839441225241671 3253.9898984916667 0.30279953733920095 2497.3654912666666 63.530000000000008
decision_type=2 2 2 2 2 2 2 2 2
left_child=1 2 -1 7 -3 6 8 -4 -2
right_child=5 4 3 -5 -6 -7 -8 -9 -10
leaf_value=0.084603414787928086 -0.060711903391199598 0.11725501526258493 -0.058719076434639077 0.039574460160620599 0.079342438877414878 0.0046104514285119375 -0.06388788455878544 -0.061860408581955323 -0.058403830508895832
leaf_weight=7.9173315614461908 3.3947281092405301 25.235460579395294 3.1345022767782211 3.9916378930211067 14.331646144390104 2.8826261460781089 2.9698971956968307 3.3301452249288559 4.2944233790040016
leaf_count=19 24 25 25 19 30 13 19 22 35
internal_value=0.0545655 0.0782495 0.0238244 -0.0221964 0.103523 -0.0467713 -0.0606669 -0.0603373 -0.0594228
internal_weight=71.4824 57.9407 18.3736 10.4563 39.5671 13.5417 10.659 6.46465 7.68915
internal_count=231 140 85 66 55 91 78 47 59
is_linear=0
shrinkage=0.05


Tree=8
num_leaves=9
num_cat=0
split_feature=21 20 12 13 21 20 20 3
split_gain=61.9056 34.4242 22.3768 11.0953 8.31548 1.90203 0.00695593 0.00078268
threshold=36.250000000000007 0.096208119729868605 3.3892120084783164 0.43138885068498417 83.750000000000014 0.22338838552877974 0.2896758901595044 35.615000000000002
decision_type=2 2 2 2 2 2 2 2
left_child=6 4 5 -4 -2 -3 7 -1
right_child=1 2 3 -5 -6 -7 -8 -9
leaf_value=-0.05891740527842524 0.035409553114920361 0.094178142153926878 -0.011030285606500854 0.083683477847122406 -0.063439881576354898 0.11607957839382728 -0.060813917097231135 -0.057759079154630161
leaf_weight=2.5171191468834859 3.7172289341688138 20.517861068248749 7.4015808179974538 5.310698464512825 4.9749371409416199 19.179792642593384 4.7169056907296181 3.4670976400375366
leaf_count=20 15 32 37 13 32 19 33 30
internal_value=0.0515589 0.0709879 0.0862717 0.0285375 -0.0211666 0.10476 -0.0593781 -0.0582463
internal_weight=71.8032 61.1021 52.4099 12.7123 8.69217 39.6977 10.7011 5.98422
internal_count=231 148 101 50 47 51 83 50
is_linear=0
shrinkage=0.05


Tree=9
num_leaves=9
num_cat=0
split_feature=3 20 25 6 15 16 19 20
split_gain=56.1526 27.7995 17.0723 12.1647 7.43475 4.54263 0.0423088 0.00330465
threshold=34.660000000000004 0.096208119729868605 1.0000000180025095e-35 4.4850000000000003 37.083333333333336 0.76285235373610727 0.10983912699436742 0.14141292126340987
decision_type=2 2 2 2 2 2 2 2
left_child=1 4 3 -3 -1 6 7 -2
right_child=5 2 -4 -5 -6 -7 -8 -9
leaf_value=-0.062745436294554632 -0.058083723309808079 -0.0091313988114766608 0.1019352610734531 0.080490129426532386 0.034250721064422576 0.01142352006417309 -0.066005871186864629 -0.060290527573066605
leaf_weight=4.2343783229589453 4.3595929071307165 7.0916737839579573 35.829248040914536 8.1235897541046125 3.7034989222884178 2.7481276243925086 3.0159411653876305 2.7770694643259048
leaf_count=28 37 37 39 22 14 16 18 20
internal_value=0.0488878 0.0695553 0.0830917 0.0387185 -0.0174909 -0.0456043 -0.0610407 -0.0589425
internal_weight=71.8831 58.9824 51.0445 15.2153 7.93788 12.9007 10.1526 7.13666
internal_count=231 140 98 59 42 91 75 57
is_linear=0
shrinkage=0.05


Tree=10
num_leaves=10
num_cat=0
split_feature=21 14 25 15 11 27 4 4 21
split_gain=51.9444 28.976 20.6278 25.4732 10.7764 0.366107 0.00618341 0.00108153 0.000978273
threshold=36.250000000000007 0.0068662481637816507 1.0000000180025095e-35 42.916666666666679 6.3656028809082388 2769.7406100166672 59.695000000000007 68.870000000000019 1.2500000000000002
decision_type=2 2 2 2 2 2 2 2 2
left_child=6 2 3 -2 -3 -4 -1 8 -8
right_child=1 4 5 -5 -6 -7 7 -9 -10
leaf_value=-0.060543629228725429 0.075549157472180439 -0.064808463524071463 0.091859094961190588 -0.06187894837558771 0.048575945256093399 0.10170379005220909 -0.057544249120197344 -0.056919331277901331 -0.058962484643005311
leaf_weight=3.0946823880076391 9.6866093277931196 5.345423147082327 17.457702413201332 5.1723773479461661 3.4469147026538849 20.572286486625671 2.3742239624261856 2.128569558262825 2.4923030361533165
leaf_count=22 26 34 21 35 12 20 21 20 20
internal_value=0.0464894 0.0636934 0.0776661 0.0277108 -0.0203577 0.0971846 -0.0586827 -0.0578594 -0.0582706
internal_weight=71.7711 61.6813 52.889 14.859 8.79234 38.03 10.0898 6.9951 4.86653
internal_count=231 148 102 61 46 41 83 61 41
is_linear=0
shrinkage=0.05


Tree=11
num_leaves=11
num_cat=0
split_feature=3 14 12 25 7 0 14 27 19 24
split_gain=46.4421 22.0382 18.5377 17.8131 18.791 4.69618 3.21114 0.269229 0.0429698 0.00219729
threshold=34.660000000000004 0.006396285938681451 5.1970319701125431 1.0000000180025095e-35 52.111161366685693 0.69095000000000006 0.0050204854503467008 2769.7406100166672 0.10983912699436742 1.0000000180025095e-35
decision_type=2 2 2 2 2 2 2 2 2 2
left_child=1 3 -3 4 6 8 -1 -5 9 -2
right_child=5 2 -4 7 -6 -7 -8 -9 -10 -11
leaf_value=-0.061021737026287673 -0.05872576321821954 -0.063891117557136223 0.075019119475519258 0.088294530545888317 0.099380138769404755 0.017081278818191326 0.0092589748749891919 0.096749638284701303 -0.065382355846011653 -0.056967075622287505
leaf_weight=3.9369451627135259 3.7490134686231595 5.7089225426316244 4.1459604650735855 17.379737228155136 4.5803082287311554 2.4863235875964156 2.7679717913269997 20.544688940048218 2.6190536767244339 3.3747760355472565
leaf_count=28 30 38 10 21 7 13 16 20 16 32
internal_value=0.0444345 0.0627972 -0.00545142 0.0764648 0.0213182 -0.0442536 -0.032008 0.0928749 -0.059906 -0.0578926
internal_weight=71.2937 59.0645 9.85488 49.2097 11.2852 12.2292 6.70492 37.9244 9.74284 7.12379
internal_count=231 140 48 92 51 91 44 41 78 62
is_linear=0
shrinkage=0.05


Tree=12
num_leaves=8
num_cat=0
split_feature=21 20 12 33 20 5 20
split_gain=43.8253 23.7828 14.0866 8.63666 2.06229 0.00601531 0.000975048
threshold=36.250000000000007 0.080430086150049859 3.3892120084783164 -0.02351575736980744 0.22338838552877974 3.6410000000000005 0.096208119729868605
decision_type=2 2 2 2 2 2 2
left_child=5 -2 4 -4 -3 -1 -7
right_child=1 2 3 -5 -6 6 -8
leaf_value=-0.059555550755287651 -0.034698987005960504 0.072326880340889993 0.057101861930484603 -0.025498698780611596 0.094563929339305131 -0.056350037069221363 -0.057642814640670795
leaf_weight=3.5250316560268384 6.2123725786805144 22.479937806725502 7.7114907652139664 5.367158077657221 19.445371150970459 3.1805723384022713 2.6939037069678307
leaf_count=27 39 38 19 33 19 32 24
internal_value=0.0425997 0.0580345 0.0685082 0.0232046 0.0826406 -0.0579227 -0.0569429
internal_weight=70.6158 61.2163 55.004 13.0786 41.9253 9.39951 5.87448
internal_count=231 148 109 52 57 83 56
is_linear=0
shrinkage=0.05


Tree=13
num_leaves=9
num_cat=0
split_feature=21 20 25 3 6 21 5 20
split_gain=39.9535 21.3075 13.8504 13.4566 13.3799 7.67858 0.00506945 0.000825083
threshold=36.250000000000007 0.096208119729868605 1.0000000180025095e-35 28.830000000000002 4.6200000000000001 81.250000000000014 3.6410000000000005 0.096208119729868605
decision_type=2 2 2 2 2 2 2 2
left_child=6 5 3 -3 -5 -2 -1 -8
right_child=1 2 -4 4 -6 -7 7 -9
leaf_value=-0.059009613834631706 0.037358293113041327 0.090333705848904752 0.084949091992317732 -0.063443877750660363 0.045621566312090474 -0.061496057271945403 -0.056002670273383348 -0.057217929859899597
leaf_weight=3.3833479359745962 3.3683715462684614 6.1518622487783459 35.297339782118797 4.9372956305742246 6.5327503085136414 4.7129249796271324 3.0437444373965263 2.5810665041208267
leaf_count=27 13 12 38 34 17 34 32 24
internal_value=0.0408122 0.0553274 0.0668753 0.0306728 -0.00132579 -0.0202925 -0.0574802 -0.0565603
internal_weight=70.0087 61.0005 52.9192 17.6219 11.47 8.0813 9.00816 5.62481
internal_count=231 148 101 63 51 47 83 56
is_linear=0
shrinkage=0.05


Tree=14
num_leaves=10
num_cat=0
split_feature=3 20 25 6 15 3 7 19 24
split_gain=37.0666 20.2935 11.8102 10.8226 8.24924 5.22476 0.26638 0.0536367 0.00137957
threshold=35.925000000000004 0.096208119729868605 1.0000000180025095e-35 4.4850000000000003 52.916666666666679 29.715000000000003 23.054043862227036 0.10983912699436742 1.0000000180025095e-35
decision_type=2 2 2 2 2 2 2 2 2
left_child=1 4 3 5 -1 -3 -4 8 -2
right_child=7 2 6 -5 -6 -7 -8 -9 -10
leaf_value=-0.06048853432768956 -0.057496856876496111 0.022666368591285985 0.086294255092506308 0.064913650799186179 0.042853739620874222 -0.061028583321289423 0.077398948183854274 -0.065597503810534363 -0.055948401665972695
leaf_weight=5.0016317293047887 3.3649676591157895 4.2052307128906277 14.003913998603819 9.9586447551846486 3.1455180123448372 3.3502856120467186 21.093027830123901 2.4846743494272232 2.5123894587159157
leaf_count=39 30 17 14 25 11 26 26 16 27
internal_value=0.0392587 0.0528422 0.0642135 0.0306784 -0.0205893 -0.0144459 0.0809482 -0.0594386 -0.0568349
internal_weight=69.1203 60.7583 52.6111 17.5142 8.14715 7.55552 35.0969 8.36203 5.87736
internal_count=231 158 108 68 50 43 40 73 57
is_linear=0
shrinkage=0.05


Tree=15
num_leaves=9
num_cat=0
split_feature=21 14 25 15 11 27 20 3
split_gain=34.8184 19.4964 14.3013 17.9882 8.62576 0.332093 0.0049204 0.00103832
threshold=36.250000000000007 0.0068662481637816507 1.0000000180025095e-35 42.916666666666679 6.3656028809082388 2769.7406100166672 0.2896758901595044 35.615000000000002
decision_type=2 2 2 2 2 2 2 2
left_child=6 2 3 -2 -3 -4 7 -1
right_child=1 4 5 -5 -6 -7 -8 -9
leaf_value=-0.056760056469704993 0.058317741390469684 -0.063499170661111173 0.074413083249984413 -0.06055801628196409 0.039341384331386633 0.083979982242042686 -0.058338091836393303 -0.055249177106132787
leaf_weight=2.0453989058732969 10.250312075018881 4.7843591794371587 16.782200112938881 4.615087963640689 3.5532581061124802 19.741744875907898 3.8728850334882736 2.5607815533876419
leaf_count=20 26 34 21 35 12 20 33 30
internal_value=0.0377898 0.05125 0.0627566 0.0214118 -0.0196714 0.0795841 -0.0570245 -0.0559201
internal_weight=68.206 59.727 51.3893 14.8654 8.33762 36.5239 8.47907 4.60618
internal_count=231 148 102 61 46 41 83 50
is_linear=0
shrinkage=0.05


Tree=16
num_leaves=10
num_cat=0
split_feature=3 20 4 25 6 3 19 31 24
split_gain=32.1429 15.0779 10.6667 9.64778 8.95754 6.9048 0.0516658 0.0172732 0.00122047
threshold=35.925000000000004 0.10099127069917881 58.965000000000011 1.0000000180025095e-35 4.4850000000000003 28.650000000000002 0.10983912699436742 0.47975037851693619 1.0000000180025095e-35
decision_type=2 2 2 2 2 2 2 2 2
left_child=1 2 -1 4 5 -3 8 -4 -2
right_child=6 3 7 -5 -6 -7 -8 -9 -10
leaf_value=0.049979332005929772 -0.056838244340860038 0.036079752240205779 -0.056678391077436635 0.075541594490625558 0.0599791112071969 -0.061702067238699192 -0.065041245895139987 -0.062574986118744791 -0.055321335646175633
leaf_weight=4.0183146968483907 3.1349365934729567 3.5932902619242695 2.5262116193771362 33.03861166536808 10.031693331897257 3.6285025030374527 2.3720267787575722 2.4430380910634995 2.2980364039540291
leaf_count=11 30 13 25 39 24 29 16 17 27
internal_value=0.0364975 0.0490559 -0.0105949 0.0597159 0.0294115 -0.0130495 -0.0588846 -0.0595773 -0.0561966
internal_weight=67.0847 59.2797 8.98756 50.2921 17.2535 7.22179 7.805 4.96925 5.43297
internal_count=231 158 53 105 66 42 73 42 57
is_linear=0
shrinkage=0.05


Tree=17
num_leaves=9
num_cat=0
split_feature=21 14 25 3 8 27 5 20
split_gain=30.567 16.7561 12.5503 11.2401 8.83177 0.314094 0.00662541 0.000834732
threshold=36.250000000000007 0.0068662481637816507 1.0000000180025095e-35 29.715000000000003 0.26575032637472756 2769.7406100166672 3.6410000000000005 0.093294340171891268
decision_type=2 2 2 2 2 2 2 2
left_child=6 2 3 -2 -3 -4 -1 -8
right_child=1 4 5 -5 -6 -7 7 -9
leaf_value=-0.058429277622545184 0.05505297362953037 0.042176876248590837 0.069704057520037069 -0.034445966403471404 -0.063680385566465963 0.079170376375994417 -0.054809544199410247 -0.056122914415059191
leaf_weight=3.1220405623316756 8.9108766838908178 3.4104066044092161 16.237815976142883 5.7860064357519141 4.6663442775607109 19.034745872020721 2.3875607997179031 2.452503614127636
leaf_count=27 22 12 21 39 34 20 30 26
internal_value=0.0352359 0.0478374 0.0586377 0.0198182 -0.0189822 0.0748125 -0.0566334 -0.055475
internal_weight=66.0083 58.0462 49.9694 14.6969 8.07675 35.2726 7.9621 4.84006
internal_count=231 148 102 61 46 41 83 56
is_linear=0
shrinkage=0.05


Tree=18
num_leaves=9
num_cat=0
split_feature=21 14 25 15 8 27 5 20
split_gain=28.203 15.3491 11.9098 10.1241 9.20831 0.316897 0.00562021 0.000708749
threshold=36.250000000000007 0.0068662481637816507 1.0000000180025095e-35 36.250000000000007 0.26294729131964584 2769.7406100166672 3.6410000000000005 0.093294340171891268
decision_type=2 2 2 2 2 2 2 2
left_child=6 2 3 -2 -3 -4 -1 -8
right_child=1 4 5 -5 -6 -7 7 -9
leaf_value=-0.057961162623136941 0.053035853348799872 0.046946313995968963 0.067376924305619298 -0.031510463163055856 -0.062732650851234362 0.076978787340516941 -0.05455333041144439 -0.05579097335228296
leaf_weight=2.9931533187627783 8.7473705336451513 3.2133144587278357 15.965639069676397 5.9488676264882079 4.7316317781805992 18.608603000640869 2.2815146818757057 2.3464221060276031
leaf_count=27 22 10 21 39 36 20 30 26
internal_value=0.034083 0.0461184 0.0565177 0.0188125 -0.0183733 0.0725449 -0.0562728 -0.0551808
internal_weight=64.8365 57.2154 49.2705 14.6962 7.94495 34.5742 7.62109 4.62794
internal_count=231 148 102 61 46 41 83 56
is_linear=0
shrinkage=0.05


Tree=19
num_leaves=9
num_cat=0
split_feature=3 25 33 6 30 19 3 24
split_gain=26.6389 12.0276 13.2199 5.25169 2.79935 0.0462777 0.0187676 0.00130908
threshold=35.925000000000004 1.0000000180025095e-35 -0.02351575736980744 4.4850000000000003 1.5201470713350635 0.10983912699436742 27.335000000000004 1.0000000180025095e-35
decision_type=2 2 2 2 2 2 2 2
left_child=1 2 -1 6 -3 7 -4 -2
right_child=5 4 3 -5 -6 -7 -8 -9
leaf_value=0.054988483464717269 -0.056175019413832364 0.072494842625392714 -0.061847814532284967 0.013239102905416267 0.043766966366698745 -0.06418919624161594 -0.055944580106190439 -0.054510444032972241
leaf_weight=9.8942617923021334 2.8743547350168219 22.679186955094337 2.2046932876110059 4.7036733627319336 13.544157184660433 2.2271240651607513 3.4583908319473267 2.0050669685006142
leaf_count=21 30 27 17 24 31 16 38 27
internal_value=0.0330188 0.0444976 0.0136473 -0.0258095 0.0617533 -0.0582169 -0.0582428 -0.055491
internal_weight=63.5909 56.4844 20.261 10.3668 36.2233 7.10655 5.66308 4.87942
internal_count=231 158 100 79 58 73 55 57
is_linear=0
shrinkage=0.05


Tree=20
num_leaves=10
num_cat=0
split_feature=21 14 25 3 7 21 4 20 3
split_gain=24.8911 13.7544 10.5239 9.40789 8.36643 0.358352 0.00475915 0.0012924 0.000346316
threshold=36.250000000000007 0.0068662481637816507 1.0000000180025095e-35 29.715000000000003 26.294729131964584 77.916666666666671 58.300000000000004 0.2896758901595044 36.065000000000005
decision_type=2 2 2 2 2 2 2 2 2
left_child=6 2 3 -2 -3 -4 -1 8 -8
right_child=1 4 5 -5 -6 -7 7 -9 -10
leaf_value=-0.057928040757565392 0.049292629790785511 0.042969080582283742 0.074469692835185147 -0.033742770391003415 -0.06232279513070367 0.064037952416420199 -0.055013516979244004 -0.056163494278815229 -0.053979583685379001
leaf_weight=2.0942442044615737 8.9854657948017103 3.2337620332837096 15.330496966838835 5.4986674115061751 4.5289024859666824 17.781281396746635 1.6153321191668513 1.8089545369148252 1.6242679581046102
leaf_count=19 22 10 17 39 36 24 20 20 24
internal_value=0.0319186 0.0432527 0.0533178 0.0177696 -0.0184604 0.0688678 -0.0559242 -0.0550929 -0.0544951
internal_weight=62.5014 55.3586 47.5959 14.4841 7.76266 33.1118 7.1428 5.04855 3.2396
internal_count=231 148 102 61 46 41 83 64 44
is_linear=0
shrinkage=0.05


Tree=21
num_leaves=9
num_cat=0
split_feature=5 20 6 5 4 23 27 27
split_gain=23.3594 11.5026 6.86686 6.29244 3.77668 7.3232 0.0298221 0.00147372
threshold=4.7133000000000012 0.096208119729868605 3.2950000000000004 -2.8197499999999995 52.320000000000007 0.58072023038419107 2632.1817293666668 2406.9905186916671
decision_type=2 2 2 2 2 2 2 2
left_child=1 2 -1 -3 -5 -6 7 -2
right_child=6 3 -4 4 5 -7 -8 -9
leaf_value=0.043300769676783327 -0.05463425268909098 0.011671652246324403 -0.060815612889492103 0.074442563544418333 0.0033780597783971732 0.066352984139202806 -0.062409134562712909 -0.056543067648189282
leaf_weight=2.6055776998400679 2.3994605205953112 8.6743866056203824 4.0378032810986042 19.375540882349014 7.2551551312208202 12.692806243896483 2.4356481805443764 1.7476743459701536
leaf_count=11 32 33 35 25 35 22 20 18
internal_value=0.0309628 0.0416825 -0.0199805 0.0502173 0.0587201 0.0434487 -0.0580178 -0.0554387
internal_weight=61.2241 54.6413 6.64338 47.9979 39.3235 19.948 6.58278 4.14713
internal_count=231 161 46 115 82 57 70 50
is_linear=0
shrinkage=0.05


Tree=22
num_leaves=10
num_cat=0
split_feature=3 20 4 24 15 21 20 31 21
split_gain=22.1319 10.745 11.0515 4.9434 8.77542 1.92071 0.0335958 0.0270758 0.00285505
threshold=35.925000000000004 0.10099127069917881 54.480000000000011 1.0000000180025095e-35 20.416666666666671 85.416666666666671 0.42368422281443374 0.50926277050521052 36.250000000000007
decision_type=2 2 2 2 2 2 2 2 2
left_child=1 2 -1 5 -5 -3 8 -4 -2
right_child=6 3 7 4 -6 -7 -8 -9 -10
leaf_value=0.062731874932258527 -0.054176382340442066 0.065600314423284595 -0.055854817454300869 0.074134286598327381 -0.027738257169826898 0.041348925425183071 -0.063423488644739373 -0.063336519513026754 -0.056646998615964665
leaf_weight=2.9874125793576232 2.5418550185859194 25.016827203333378 2.8643274866044521 3.6854797452688199 4.9575081840157509 12.11990414559841 1.7520102411508558 2.0928029045462608 2.1656088829040527
leaf_count=5 37 35 33 6 36 28 13 15 23
internal_value=0.0299305 0.0404442 -0.0132332 0.0497593 0.0157015 0.0576857 -0.0575128 -0.0590134 -0.055313
internal_weight=60.1837 53.7243 7.94454 45.7797 8.64299 37.1367 6.45947 4.95713 4.70746
internal_count=231 158 53 105 42 63 73 48 60
is_linear=0
shrinkage=0.05


Tree=23
num_leaves=9
num_cat=0
split_feature=21 14 25 15 33 21 5 20
split_gain=20.9402 11.8233 9.43803 7.65849 7.55393 0.325256 0.00639584 0.000547701
threshold=36.250000000000007 0.0068662481637816507 1.0000000180025095e-35 36.250000000000007 -0.041758131931825947 77.916666666666671 3.6410000000000005 0.093294340171891268
decision_type=2 2 2 2 2 2 2 2
left_child=6 2 3 -2 -3 -4 -1 -8
right_child=1 4 5 -5 -6 -7 7 -9
leaf_value=-0.057348760128555012 0.044963209122253954 0.04138546512390491 0.070326282721090871 -0.030133900138771111 -0.061140242271379375 0.060012414229603295 -0.053550035737652248 -0.054750873163873462
leaf_weight=2.712400544434785 8.6717626303434354 3.0537436008453369 14.236239135265352 5.5792360231280318 4.364052712917327 16.507646143436432 1.8371192775666716 1.9653820581734178
leaf_count=27 22 7 17 39 39 24 30 26
internal_value=0.0290468 0.0395552 0.0491974 0.0155628 -0.0189327 0.0647883 -0.0554939 -0.0541707
internal_weight=58.9276 52.4127 44.9949 14.251 7.4178 30.7439 6.5149 3.8025
internal_count=231 148 102 61 46 41 83 56
is_linear=0
shrinkage=0.05


Tree=24
num_leaves=11
num_cat=0
split_feature=5 21 8 21 6 15 8 27 23 21
split_gain=19.5205 6.68701 10.6739 6.84954 4.42703 1.65672 1.04814 0.0270224 0.00427094 0.00044507
threshold=4.7133000000000012 39.583333333333336 0.5138799631476475 87.083333333333357 5.1700000000000008 54.583333333333336 0.34293143379121488 2497.3654912666666 0.56748566810193923 42.916666666666679
decision_type=2 2 2 2 2 2 2 2 2 2
left_child=1 2 8 5 -5 6 -3 9 -1 -2
right_child=7 3 -4 4 -6 -7 -8 -9 -10 -11
leaf_value=-0.05559202521718546 -0.053941228706208266 0.030212482300978921 0.071613268799433347 -0.017627872340273971 0.043259543911277731 0.066312508522946387 0.058208661865933854 -0.061228665616297223 -0.058835949153912305 -0.055107607614462886
leaf_weight=2.5528077185153952 1.8858744949102395 7.0641409307718259 2.6129141449928284 5.9826327264308912 5.9588730782270432 19.416771806776524 6.3470436483621597 2.6282811053097248 1.6840041503310201 1.4442167356610296
leaf_count=33 29 28 3 27 16 26 12 23 16 18
internal_value=0.0282515 0.0381427 -0.00786548 0.0451819 0.0127553 0.0569774 0.0434621 -0.0574385 -0.0568814 -0.0544471
internal_weight=57.5776 51.6192 6.84973 44.7695 11.9415 32.828 13.4112 5.95837 4.23681 3.33009
internal_count=231 161 52 109 43 66 40 70 49 47
is_linear=0
shrinkage=0.05


Tree=25
num_leaves=9
num_cat=0
split_feature=5 25 15 15 31 27 4 21
split_gain=18.1226 6.12083 13.7265 3.90704 3.635 0.0231556 0.0121015 0.000378817
threshold=4.7133000000000012 1.0000000180025095e-35 42.916666666666679 54.583333333333336 0.075264580101273335 2497.3654912666666 56.785000000000004 42.916666666666679
decision_type=2 2 2 2 2 2 2 2
left_child=1 2 4 -3 -1 7 -4 -2
right_child=5 3 6 -5 -6 -7 -8 -9
leaf_value=0.010088514520577917 -0.053735612946448498 0.024631577307340086 -0.059970533041581488 0.06202895868164543 0.062290220360063868 -0.060626720930979011 -0.054865055389224163 -0.054836533530957465
leaf_weight=5.85689175873995 1.8005899786949151 10.247957855463026 2.9696852117776862 21.928047671914101 7.7444080039858818 2.5242911651730537 1.9053492434322832 1.3804006204009054
leaf_count=18 29 35 25 33 24 23 26 18
internal_value=0.0274313 0.0369471 0.0140102 0.050118 0.0398115 -0.0570509 -0.0579751 -0.0542134
internal_weight=56.3576 50.6523 18.4763 32.176 13.6013 5.70528 4.87503 3.18099
internal_count=231 161 93 68 42 70 51 47
is_linear=0
shrinkage=0.05


Tree=26
num_leaves=10
num_cat=0
split_feature=3 20 4 25 4 4 20 30 26
split_gain=17.6659 9.0927 10.7115 6.28269 5.7196 5.09758 0.0319518 0.0290378 0.00231742
threshold=35.925000000000004 0.10099127069917881 52.320000000000007 1.0000000180025095e-35 44.895000000000003 51.725000000000001 0.42368422281443374 3.0754978088833891 1.0000000180025095e-35
decision_type=2 2 2 2 2 2 2 2 2
left_child=1 2 -1 4 -3 -6 8 -4 -2
right_child=6 3 7 -5 5 -7 -8 -9 -10
leaf_value=0.06937291696039817 -0.053464552898376497 -0.029919231713509506 -0.055579891112954222 0.060372685635744688 0.073120523893017625 0.0085104345071365071 -0.062960189604777186 -0.06344270701602249 -0.055845228620643284
leaf_weight=2.4591634869575492 2.1425937265157691 4.1481085792183903 2.7767340913414955 25.874731831252575 5.6114578768610937 6.6953338794410229 1.5851669646799562 2.0345928370952606 1.9548804238438604
leaf_count=3 37 23 35 39 9 34 13 15 23
internal_value=0.026572 0.036139 -0.0155163 0.0450113 0.0208561 0.0379703 -0.0569323 -0.0589049 -0.0546004
internal_weight=55.2828 49.6001 7.27049 42.3296 16.4549 12.3068 5.68264 4.81133 4.09747
internal_count=231 158 53 105 66 43 73 50 60
is_linear=0
shrinkage=0.05


Tree=27
num_leaves=10
num_cat=0
split_feature=21 14 25 3 6 30 21 5 3
split_gain=16.6013 10.0753 7.66285 7.13235 7.0929 5.26194 0.31358 0.00591767 0.000443836
threshold=36.250000000000007 0.0068662481637816507 1.0000000180025095e-35 28.830000000000002 6.4600000000000009 2.4861835951730336 77.916666666666671 3.6410000000000005 34.780000000000008
decision_type=2 2 2 2 2 2 2 2 2
left_child=7 2 3 -2 -3 -5 -4 -1 -9
right_child=1 4 6 5 -6 -7 -8 8 -10
leaf_value=-0.056718920935862664 0.048883386074451918 -0.062016907764191311 0.065914828990627769 -0.065590755572689008 0.039506578552446894 0.024009503561506988 0.055192181074079354 -0.054157550336297579 -0.05296613809550297
leaf_weight=2.485749300569295 7.1703654229640943 4.128178045153617 12.64628314971924 3.4652360677719116 2.9496707990765572 3.1084466204047203 14.795769363641737 1.3512541800737383 1.8545491769909856
leaf_count=27 18 38 17 32 8 11 24 20 36
internal_value=0.0258762 0.0354003 0.0448706 0.0143958 -0.0197073 -0.0232222 0.0601336 -0.054888 -0.0534683
internal_weight=53.9555 48.2639 41.1861 13.744 7.07785 6.57368 27.4421 5.69155 3.2058
internal_count=231 148 102 61 46 43 41 83 56
is_linear=0
shrinkage=0.05


Tree=28
num_leaves=10
num_cat=0
split_feature=3 20 4 25 4 4 12 21 24
split_gain=15.6737 8.15339 9.03531 5.79049 4.96805 4.5741 0.032758 0.0301965 0.00190888
threshold=35.925000000000004 0.10099127069917881 53.150000000000006 1.0000000180025095e-35 44.895000000000003 51.725000000000001 5.0709819310338657 89.583333333333357 1.0000000180025095e-35
decision_type=2 2 2 2 2 2 2 2 2
left_child=1 2 -1 4 -3 -6 8 -4 -2
right_child=6 3 7 -5 5 -7 -8 -9 -10
leaf_value=0.061365724012094794 -0.055085456626367449 -0.028568164054841756 -0.05501365561071575 0.058259222211239782 0.06912678521344677 0.0075768671820908087 -0.063123758836915539 -0.063330189224115985 -0.052770559590996573
leaf_weight=2.4267049953341475 2.4391346462070933 4.014486692845824 2.4557690396904945 24.324252590537071 5.5370544418692571 6.6361721307039261 1.4217986389994619 1.9646748155355451 1.4026649296283724
leaf_count=4 32 23 34 39 9 34 12 15 29
internal_value=0.0252121 0.0343093 -0.0161538 0.0428383 0.0196664 0.0355732 -0.0566399 -0.05871 -0.0542403
internal_weight=52.6227 47.3591 6.84715 40.512 16.1877 12.1732 5.2636 4.42044 3.8418
internal_count=231 158 53 105 66 43 73 49 61
is_linear=0
shrinkage=0.05


Tree=29
num_leaves=9
num_cat=0
split_feature=21 20 25 3 19 15 5 3
split_gain=14.9035 8.78274 6.13615 6.49126 4.17073 3.99919 0.00572782 0.0004497
threshold=36.250000000000007 0.096208119729868605 1.0000000180025095e-35 28.830000000000002 0.10983912699436742 50.416666666666671 3.6410000000000005 34.290000000000006
decision_type=2 2 2 2 2 2 2 2
left_child=6 5 3 -3 -5 -2 -1 -8
right_child=1 2 -4 4 -6 -7 7 -9
leaf_value=-0.056497621259018874 -0.059006772522235934 0.056778043550449325 0.058022590258516971 0.027351510042421218 -0.038485608171208205 0.025275527237439255 -0.053935838023244011 -0.052681708886716562
leaf_weight=2.3669578097760668 3.3751200810074797 6.514038190245631 24.051477298140526 4.5056983828544599 5.1608042493462563 2.4142439924180508 1.2124647423624995 1.7414088025689123
leaf_count=27 36 12 38 20 31 11 19 37
internal_value=0.0245608 0.0337206 0.0420065 0.0181993 -0.00779796 -0.0238599 -0.054665 -0.0531965
internal_weight=51.3422 46.0214 40.232 16.1805 9.6665 5.78936 5.32083 2.95387
internal_count=231 148 101 63 51 47 83 56
is_linear=0
shrinkage=0.05


Tree=30
num_leaves=10
num_cat=0
split_feature=3 20 4 5 4 20 32 21 21
split_gain=13.9707 6.9093 8.81555 2.57222 3.82326 7.41786 0.0302312 0.0224724 0.00170216
threshold=35.925000000000004 0.10099127069917881 52.320000000000007 -2.8197499999999995 52.320000000000007 0.91652414520265213 0.53725884240576394 89.583333333333357 36.250000000000007
decision_type=2 2 2 2 2 2 2 2 2
left_child=1 2 -1 -3 -5 -6 8 -4 -2
right_child=6 3 7 4 5 -7 -8 -9 -10
leaf_value=0.065553530592195444 -0.052884296904471322 0.012925977758437835 -0.054662997584017603 0.064790209741016291 -0.013146615665299191 0.055641181721191049 -0.062879076922800314 -0.062023853543718747 -0.055057710407189597
leaf_weight=2.2028443813323966 1.8080099076032632 6.9316626116633406 2.3614904657006264 15.097802333533766 6.2313894480466869 10.562199532985685 1.2930885553359983 1.8485645726323126 1.7954600937664507
leaf_count=3 37 28 35 23 37 17 12 15 24
internal_value=0.0239056 0.0325896 -0.0154902 0.0405316 0.0465317 0.0301169 -0.0563207 -0.057895 -0.0539672
internal_weight=50.1325 45.236 6.4129 38.8231 31.8914 16.7936 4.89656 4.21006 3.60347
internal_count=231 158 53 105 77 54 73 50 61
is_linear=0
shrinkage=0.05


Tree=31
num_leaves=9
num_cat=0
split_feature=21 14 25 6 30 21 20 12
split_gain=13.2688 8.12103 6.68579 6.19277 4.07543 0.283724 0.00343625 0.00027552
threshold=36.250000000000007 0.0068662481637816507 1.0000000180025095e-35 6.4600000000000009 1.4265473334492078 77.916666666666671 0.2896758901595044 1.4211602707706454
decision_type=2 2 2 2 2 2 2 2
left_child=6 2 4 -3 -2 -4 7 -1
right_child=1 3 5 -5 -6 -7 -8 -9
leaf_value=-0.053591296683121639 -0.017615599264618396 -0.061851392189955889 0.062598522936104239 0.036284963112314376 0.038042677544956875 0.051719517215546962 -0.055650943829222588 -0.052518363299161958
leaf_weight=1.1104390285909169 6.0782290846109372 3.7094923369586459 11.071594297885897 2.8369971513748169 7.1669668778777122 13.065971225500105 2.5339794158935547 1.2974436320364473
leaf_count=20 38 38 17 8 23 24 33 30
internal_value=0.0233112 0.0320496 0.0410459 -0.0193229 0.0125011 0.0567096 -0.0543657 -0.0530132
internal_weight=48.8711 43.9293 37.3828 6.54649 13.2452 24.1376 4.94186 2.40788
internal_count=231 148 102 46 61 41 83 50
is_linear=0
shrinkage=0.05


Tree=32
num_leaves=9
num_cat=0
split_feature=5 5 4 23 12 20 21 21
split_gain=12.5572 4.7009 8.66032 22.2215 0.20433 0.0156891 0.0130536 0.00169735
threshold=4.7133000000000012 -2.9783999999999997 52.320000000000007 0.52130992414306421 0.81610614711829099 0.15329320318045495 83.750000000000014 80.416666666666671
decision_type=2 2 2 2 2 2 2 2
left_child=1 -1 -3 4 -4 7 -6 -2
right_child=5 2 3 -5 6 -7 -8 -9
leaf_value=-0.011512932378714612 -0.052954639445716781 0.062112551300067612 -0.07610082587415605 0.051096577535622051 -0.054898572666542446 -0.060158908744365816 -0.060780709424317472 -0.055364350578723534
leaf_weight=5.6413228735327712 1.6627290882170194 18.256207644939423 2.1993423700332668 13.041757736355065 2.4841724708676338 1.598214443773031 1.5204899683594701 1.3037866018712518
leaf_count=30 35 30 13 36 39 18 13 17
internal_value=0.0226971 0.0310411 0.0374424 0.0140407 -0.0638565 -0.0561653 -0.0571319 -0.0540137
internal_weight=47.708 43.1433 37.502 19.2458 6.204 4.56473 4.00466 2.96652
internal_count=231 161 131 101 65 70 52 52
is_linear=0
shrinkage=0.05


Tree=33
num_leaves=9
num_cat=0
split_feature=3 25 20 20 5 20 21 26
split_gain=11.8948 6.06018 6.26134 3.43977 2.36565 0.0299099 0.0086482 0.00134884
threshold=35.925000000000004 1.0000000180025095e-35 0.14758131206665645 1.0596931386402924 3.3694000000000002 0.49313127235259674 89.583333333333357 1.0000000180025095e-35
decision_type=2 2 2 2 2 2 2 2
left_child=1 2 6 -4 -3 7 -1 -2
right_child=5 4 3 -5 -6 -7 -8 -9
leaf_value=-0.053473641148617558 -0.05247555716712976 0.057392071205639821 0.043949754469657154 -0.0050025065728773899 0.024354294483078343 -0.062679434056886196 -0.058724152061546658 -0.054533673566216218
leaf_weight=1.5946180261671572 1.6478105895221224 16.342911846935753 7.9475482292473298 6.5429741442203522 8.1057747304439527 1.218604117631912 1.5432799085974691 1.5401794612407684
leaf_count=30 39 31 27 28 27 11 15 23
internal_value=0.0221408 0.0303259 0.00797937 0.0218461 0.0464386 -0.0560167 -0.0560559 -0.0534699
internal_weight=46.4837 42.0771 17.6284 14.4905 24.4487 4.40659 3.1379 3.18799
internal_count=231 158 100 55 58 73 45 62
is_linear=0
shrinkage=0.05


Tree=34
num_leaves=10
num_cat=0
split_feature=21 14 25 3 16 12 21 5 3
split_gain=11.5072 6.78221 6.07956 5.9858 5.88874 4.04569 0.304965 0.0041903 0.000512611
threshold=36.250000000000007 0.0068662481637816507 1.0000000180025095e-35 28.830000000000002 0.76008715222404233 2.5343685285741651 77.916666666666671 3.6410000000000005 34.290000000000006
decision_type=2 2 2 2 2 2 2 2 2
left_child=7 2 3 -2 -3 -5 -4 -1 -9
right_child=1 4 6 5 -6 -7 -8 8 -10
leaf_value=-0.05575615217485478 0.042485434503945346 -0.066783367776253419 0.060834397678590127 0.0171653445215245 0.030769906297126871 -0.065726357461716359 0.049001731711855297 -0.053530838852149501 -0.052067335459433484
leaf_weight=2.1003427803516379 6.9776901900768262 3.1184980049729338 10.055184394121172 2.830675020813942 3.0697220005095005 3.0668226443231106 11.877547621726988 1.0632281228899958 1.3683868572115896
leaf_count=27 18 26 17 11 20 32 24 19 37
internal_value=0.0214837 0.0298414 0.0384163 0.011143 -0.0183912 -0.0259401 0.0544265 -0.0541203 -0.0527073
internal_weight=45.5281 40.9961 34.8079 12.8752 6.18822 5.8975 21.9327 4.53196 2.43161
internal_count=231 148 102 61 46 43 41 83 56
is_linear=0
shrinkage=0.05


Tree=35
num_leaves=9
num_cat=0
split_feature=21 20 12 27 4 20 5 20
split_gain=10.7466 6.74709 4.34578 2.92903 2.58489 4.23481 0.00358601 0.000394657
threshold=36.250000000000007 0.096208119729868605 4.4887714445606912 2727.4906589166671 52.970000000000006 1.0816580326634258 3.6410000000000005 0.10507980183320341
decision_type=2 2 2 2 2 2 2 2
left_child=6 3 4 -2 -3 -6 -1 -8
right_child=1 2 -4 -5 5 -7 7 -9
leaf_value=-0.055455506760856102 -0.057449860290841676 0.062449452904246486 0.0078671765816554825 0.020551891697652792 0.00047751495314639331 0.059821955071938361 -0.051936242306203917 -0.053241384825880339
leaf_weight=2.0084651559591284 2.9346137121319762 13.557563543319704 9.492219462990759 2.0402607470750809 5.9210839308798295 6.1064681112766266 1.1939692795276644 1.1249663941562174
leaf_count=27 38 23 38 9 29 11 34 22
internal_value=0.0209448 0.0290322 0.0367607 -0.0254603 0.0474804 0.0306071 -0.0539089 -0.0525694
internal_weight=44.3796 40.0522 35.0773 4.97487 25.5851 12.0276 4.3274 2.31894
internal_count=231 148 101 47 63 40 83 56
is_linear=0
shrinkage=0.05


Tree=36
num_leaves=11
num_cat=0
split_feature=3 20 18 12 4 20 20 21 21 20
split_gain=10.2438 5.21725 5.95373 2.52232 3.07794 7.67164 0.0282119 0.0216433 0.00130653 9.81885e-05
threshold=35.925000000000004 0.10099127069917881 0.019884033097671904 4.4887714445606912 52.970000000000006 1.0184823210244169 0.49313127235259674 89.583333333333357 65.833333333333343 0.2060649786897806
decision_type=2 2 2 2 2 2 2 2 2 2
left_child=1 2 -1 4 -3 -6 8 -4 9 -2
right_child=6 3 7 -5 5 -7 -8 -9 -10 -11
leaf_value=0.05122179721391517 -0.051757067989999975 0.060928962963826265 -0.053600221717370791 0.01259371735623694 -0.020108860543857993 0.059637535918971141 -0.062472829217906825 -0.061564579936809055 -0.054292884157849955 -0.052571660764850286
leaf_weight=1.9924781024456013 0.76428730227053143 12.640981271862985 1.7181668691337111 8.9047811552882177 5.2350644841790182 7.1141600012779236 1.1446591578423975 1.6941093206405637 1.3718145564198492 0.71694502606987953
leaf_count=5 24 23 33 34 35 13 11 15 22 16
internal_value=0.0204117 0.0281685 -0.0174537 0.0354432 0.0435851 0.0258316 -0.0558416 -0.0575543 -0.0531811 -0.0521513
internal_weight=43.2974 39.2997 5.40475 33.895 24.9902 12.3492 3.99771 3.41228 2.85305 1.48123
internal_count=231 158 53 105 71 48 73 48 62 40
is_linear=0
shrinkage=0.05


Tree=37
num_leaves=10
num_cat=0
split_feature=3 14 20 25 7 19 27 20 26
split_gain=9.58271 4.95496 8.5232 3.08901 4.70279 2.89015 0.0514725 0.0245613 0.00112136
threshold=35.925000000000004 0.0055364860708414509 0.67236642305006489 1.0000000180025095e-35 52.111161366685693 0.38386341568669718 2632.1817293666668 0.49313127235259674 1.0000000180025095e-35
decision_type=2 2 2 2 2 2 2 2 2
left_child=1 3 6 4 5 -1 -3 8 -2
right_child=7 2 -4 -5 -6 -7 -8 -9 -10
leaf_value=-0.058055352750764767 -0.052003837509777141 -0.053358272108776264 0.029056446668024285 0.052208764064950952 0.053797865209535604 0.024204434023322854 -0.065001642927030201 -0.061876723733939647 -0.054033561737584515
leaf_weight=2.3791892714798468 1.3581883590668435 1.6714682653546327 8.8153955489397031 17.256922528147697 4.0661519318819046 1.9372220933437345 2.1966357380151749 1.0990573242306707 1.3637097738683224
leaf_count=30 39 32 22 39 6 12 17 11 23
internal_value=0.0199394 0.0274679 0.00190582 0.040113 0.0152119 -0.0211368 -0.0599704 -0.0555681 -0.0530208
internal_weight=42.1439 38.323 12.6835 25.6395 8.38256 4.31641 3.8681 3.82096 2.7219
internal_count=231 158 71 87 48 42 49 73 62
is_linear=0
shrinkage=0.05


Tree=38
num_leaves=9
num_cat=0
split_feature=21 1 25 6 21 21 20 16
split_gain=9.25836 5.62529 3.78471 5.30433 4.9075 1.06058 0.00231792 0.000342014
threshold=36.250000000000007 0.66075000000000006 1.0000000180025095e-35 4.4850000000000003 87.916666666666671 80.416666666666671 0.2896758901595044 0.75408235007043223
decision_type=2 2 2 2 2 2 2 2
left_child=6 2 3 4 -2 -4 7 -1
right_child=1 -3 5 -5 -6 -7 -8 -9
leaf_value=-0.05188606750412067 0.01808188558313668 -0.025268396216224065 0.058703413427435458 0.044888035915826074 -0.069257443481407888 0.034811948356857442 -0.054850316712051539 -0.053313161762948459
leaf_weight=1.1458805035799735 3.9265339225530607 4.4972500875592223 11.116200476884844 6.8976056687533855 2.7242147326469421 7.9795963913202277 2.102520240470767 0.66260281577706326
leaf_count=35 29 33 22 18 22 24 33 15
internal_value=0.0194519 0.0271571 0.0343795 0.0141675 -0.0176932 0.0487198 -0.0537214 -0.0524089
internal_weight=41.0524 37.1414 32.6442 13.5484 6.65075 19.0958 3.911 1.80848
internal_count=231 148 115 69 51 46 83 50
is_linear=0
shrinkage=0.05


Tree=39
num_leaves=11
num_cat=0
split_feature=3 14 3 12 25 15 14 17 20 21
split_gain=8.74605 4.61714 7.84135 4.98391 2.81361 4.9631 2.87665 0.143311 0.0227883 0.00108857
threshold=35.925000000000004 0.0055364860708414509 32.545000000000009 6.6040437335379449 1.0000000180025095e-35 36.250000000000007 0.0048770615346768005 -0.030661842751004049 0.49313127235259674 36.250000000000007
decision_type=2 2 2 2 2 2 2 2 2 2
left_child=1 4 3 7 5 -1 -7 -3 9 -2
right_child=8 2 -4 -5 -6 6 -8 -9 -10 -11
leaf_value=0.055970487187890196 -0.051803432679200706 -0.074808503083736239 0.051444426954903137 0.01789840866920334 0.05095015597294468 -0.060828754747708894 0.021642090591982462 -0.056665792259991465 -0.061594652346163181 -0.053874873130891412
leaf_weight=3.8482477366924304 1.2318195700645445 1.9585178047418592 4.7668210342526436 3.1145305633544922 16.150707051157951 2.270027082413435 1.9793280623853204 2.4501634612679464 1.0612347684800623 1.3073843568563459
leaf_count=7 39 11 15 8 39 26 15 37 11 23
internal_value=0.0189101 0.0262366 0.00127073 -0.0305201 0.0388903 0.0148368 -0.0224143 -0.0647255 -0.0554416 -0.05287
internal_weight=40.1388 36.5383 12.29 7.52321 24.2483 8.0976 4.24936 4.40868 3.60044 2.5392
internal_count=231 158 71 56 87 48 41 48 73 62
is_linear=0
shrinkage=0.05


Tree=40
num_leaves=10
num_cat=0
split_feature=21 14 20 21 17 20 25 20 20
split_gain=8.33898 5.20822 7.43777 3.75507 0.654304 0.0303845 0.00249503 0.00138597 0.000229171
threshold=36.250000000000007 0.0055364860708414509 0.67236642305006489 87.083333333333357 -0.064470761882013936 0.11109323956718746 1.0000000180025095e-35 0.42368422281443374 0.10507980183320341
decision_type=2 2 2 2 2 2 2 2 2
left_child=6 3 5 4 -2 -3 7 8 -1
right_child=1 2 -4 -5 -6 -7 -8 -9 -10
leaf_value=-0.051504675419350512 0.066042634591278002 -0.055451982675609926 0.025121792645362358 0.007949030561910958 0.045243187967920109 -0.064554536383724589 -0.055803782629599098 -0.054478858600131977 -0.052611433455619611
leaf_weight=0.968080850318074 5.872333928942683 2.0649083256721492 8.6373486593365651 6.5698759965598574 10.617443792521955 1.6488284841179845 0.92526264861226071 0.84488940984010685 0.90496343933045864
leaf_count=35 11 33 24 31 36 13 14 13 21
internal_value=0.01847 0.0258808 -0.000320372 0.0399145 0.0526503 -0.0594933 -0.0535612 -0.0527977 -0.0520394
internal_weight=39.0539 35.4107 12.3511 23.0597 16.4898 3.71374 3.6432 2.71793 1.87304
internal_count=231 148 70 78 47 46 83 69 56
is_linear=0
shrinkage=0.05


Tree=41
num_leaves=10
num_cat=0
split_feature=3 25 33 15 15 3 23 21 20
split_gain=7.87508 4.32402 4.69813 3.54791 2.31141 0.058849 0.0253785 0.000918719 5.96885e-05
threshold=35.925000000000004 1.0000000180025095e-35 -0.02351575736980744 36.250000000000007 54.583333333333336 26.710000000000004 0.96292603177851854 36.250000000000007 0.25065286800826686
decision_type=2 2 2 2 2 2 2 2 2
left_child=1 2 -1 -4 -3 -5 7 8 -2
right_child=6 4 3 5 -6 -7 -8 -9 -10
leaf_value=0.030551837626584311 -0.051268387182700451 0.017149968779009025 0.0097401745695153193 -0.067504112234533634 0.053917602848693839 -0.054431781672631623 -0.062626999040894332 -0.053550653619174209 -0.051989106464653191
leaf_weight=8.7303682342171633 0.57837662100791909 6.5404272861778763 3.7687752861529598 1.5490394644439223 12.338100291788576 1.938136104494333 0.8593480959534644 1.3477224446833131 0.57077513448894024
leaf_count=21 24 27 34 12 31 33 8 25 16
internal_value=0.0179343 0.024976 0.00584091 -0.0238913 0.0411795 -0.0602386 -0.0552158 -0.052665 -0.0516264
internal_weight=38.2211 34.8648 15.9863 7.25595 18.8785 3.48718 3.35622 2.49687 1.14915
internal_count=231 158 100 79 58 45 73 65 40
is_linear=0
shrinkage=0.05


Tree=42
num_leaves=9
num_cat=0
split_feature=21 14 20 21 17 20 3 20
split_gain=7.53505 4.8093 6.82716 3.44689 0.6109 0.0264605 0.00271491 4.93156e-05
threshold=36.250000000000007 0.0055364860708414509 0.67236642305006489 87.083333333333357 -0.064470761882013936 0.11109323956718746 35.725000000000001 0.2896758901595044
decision_type=2 2 2 2 2 2 2 2
left_child=6 3 5 4 -2 -3 -1 -8
right_child=1 2 -4 -5 -6 -7 7 -9
leaf_value=-0.054482602153961203 0.064623218110349531 -0.055262462103791245 0.023441112819177868 0.0078189578612945579 0.043886168958784895 -0.063956397739264426 -0.051244491798070113 -0.051894477792043703
leaf_weight=2.2173823509365316 5.5300477594137183 1.9738149642944329 8.5215302221477014 6.461802050471305 9.9267453365027922 1.5724007561802862 0.68046572618186452 0.51094051636755466
leaf_count=39 11 33 24 31 36 13 29 15
internal_value=0.0174209 0.024529 -0.000819441 0.0384852 0.0513054 -0.0591174 -0.0534483 -0.0515232
internal_weight=37.3951 33.9863 12.0677 21.9186 15.4568 3.54622 3.40879 1.19141
internal_count=231 148 70 78 47 46 83 44
is_linear=0
shrinkage=0.05


end of trees

feature_importances:
pullback_depth=59
atr_pct=49
adx_14=35
session_eu=30
macd=21
rsi_14=20
bbw=18
bbw_pct=18
event_proximity_min=13
atr_14=12
minus_di=12
body_ratio=9
mm=8
spread_atr=8
h1_adx=6
h1_trend_strength=6
session_asia=6
di_ratio=6
close_mom_atr=6
session_us=4
di_net=4
er=3
hurst=3
plus_di=2
pre_score=1
confidence=1
ema20_dist_atr=1
spread_atr_log=1

parameters:
[boosting: gbdt]
[objective: binary]
[metric: auc,binary_logloss]
[tree_learner: serial]
[device_type: cpu]
[data_sample_strategy: bagging]
[data: ]
[valid: ]
[num_iterations: 300]
[learning_rate: 0.05]
[num_leaves: 15]
[num_threads: 24]
[seed: 42]
[deterministic: 0]
[force_col_wise: 0]
[force_row_wise: 0]
[histogram_pool_size: -1]
[max_depth: -1]
[min_data_in_leaf: 20]
[min_sum_hessian_in_leaf: 0.001]
[bagging_fraction: 0.8]
[pos_bagging_fraction: 1]
[neg_bagging_fraction: 1]
[bagging_freq: 0]
[bagging_seed: 400]
[bagging_by_query: 0]
[feature_fraction: 0.8]
[feature_fraction_bynode: 1]
[feature_fraction_seed: 30056]
[extra_trees: 0]
[extra_seed: 12879]
[early_stopping_round: 0]
[early_stopping_min_delta: 0]
[first_metric_only: 0]
[max_delta_step: 0]
[lambda_l1: 0]
[lambda_l2: 0]
[linear_lambda: 0]
[min_gain_to_split: 0]
[drop_rate: 0.1]
[max_drop: 50]
[skip_drop: 0.5]
[xgboost_dart_mode: 0]
[uniform_drop: 0]
[drop_seed: 17869]
[top_rate: 0.2]
[other_rate: 0.1]
[min_data_per_group: 100]
[max_cat_threshold: 32]
[cat_l2: 10]
[cat_smooth: 10]
[max_cat_to_onehot: 4]
[top_k: 20]
[monotone_constraints: ]
[monotone_constraints_method: basic]
[monotone_penalty: 0]
[feature_contri: ]
[forcedsplits_filename: ]
[refit_decay_rate: 0.9]
[cegb_tradeoff: 1]
[cegb_penalty_split: 0]
[cegb_penalty_feature_lazy: ]
[cegb_penalty_feature_coupled: ]
[path_smooth: 0]
[interaction_constraints: ]
[verbosity: -1]
[saved_feature_importance_type: 0]
[use_quantized_grad: 0]
[num_grad_quant_bins: 4]
[quant_train_renew_leaf: 0]
[stochastic_rounding: 1]
[linear_tree: 0]
[max_bin: 255]
[max_bin_by_feature: ]
[min_data_in_bin: 3]
[bin_construct_sample_cnt: 200000]
[data_random_seed: 175]
[is_enable_sparse: 1]
[enable_bundle: 1]
[use_missing: 1]
[zero_as_missing: 0]
[feature_pre_filter: 1]
[pre_partition: 0]
[two_round: 0]
[header: 0]
[label_column: ]
[weight_column: ]
[group_column: ]
[ignore_column: ]
[categorical_feature: ]
[forcedbins_filename: ]
[precise_float_parser: 0]
[parser_config_file: ]
[objective_seed: 16083]
[num_class: 1]
[is_unbalance: 0]
[scale_pos_weight: 4.13333]
[sigmoid: 1]
[boost_from_average: 1]
[reg_sqrt: 0]
[alpha: 0.9]
[fair_c: 1]
[poisson_max_delta_step: 0.7]
[tweedie_variance_power: 1.5]
[lambdarank_truncation_level: 30]
[lambdarank_norm: 1]
[label_gain: ]
[lambdarank_position_bias_regularization: 0]
[eval_at: ]
[multi_error_top_k: 1]
[auc_mu_weights: ]
[num_machines: 1]
[local_listen_port: 12400]
[time_out: 120]
[machine_list_filename: ]
[machines: ]
[gpu_platform_id: -1]
[gpu_device_id: -1]
[gpu_device_id_list: ]
[gpu_use_dp: 0]
[num_gpu: 1]

end of parameters

pandas_categorical:[]
