tree
version=v4
num_class=1
num_tree_per_iteration=1
label_index=0
max_feature_idx=35
objective=binary sigmoid:1
feature_names=adx_14 rsi_14 macd atr_14 plus_di minus_di er bbw bbw_pct hurst mm ema20_dist_atr body_ratio pullback_depth atr_pct spread_num spread_atr donchian_q dev_z_ema20 dev_z_ema60 macd_slope3 body_wick_ratio extreme_reversal di_ratio di_net close_mom_atr trend_aligned session_eu session_us macro_risk_score sentiment_risk_score ds_fake_prob ds_sl_coeff ds_continuity verdict h1_trend_dir
feature_infos=[0.37365434485779608:86.064360764150067] [17.928765876653003:89.594125216763302] [-4.1073179702984373:6.5089906443275076] [2.3968974431999981:73.437978516841028] [1.0865930797990164:60.322705032008876] [1.5990495264826521:49.136296040393226] [0:1] [0.0013052745511662001:0.033444712609018802] [0.83333333333333337:100] [0.46131543035694189:0.78254681976627516] [-0.99979615657929843:0.99999941508501999] [0.0018575751156005001:6.0187980815972484] [0:0.99792960662521357] [0:8.2598600519393202] [0.83333333333333337:100] [20:27] [0.27233865098034438:9.0222760046206183] [0:1] [-3.0864803394060885:3.7093502869435442] [-5.1655319726885702:5.416453567078177] [-3.7424755881766711:3.8858566474319822] [0:858.99999998126441] [-1:1] [0.11631335026355805:13.351688158525308] [-0.79161162417803699:0.86064359107624766] [-5.3658874269049299:7.3052777337022858] [0:1] [0:1] [0:1] [12:18] [3:15] [0:0.92000000000000004] [1:1.3500000000000001] [25:88] [-1:1] [-1:1]
tree_sizes=1701 1713 1716 1710 1707 1716 1705

Tree=0
num_leaves=15
num_cat=0
split_feature=14 9 7 16 2 12 19 8 9 16 8 13 29 0
split_gain=51.485 29.4923 24.6625 28.1534 30.378 24.0449 20.4362 21.2941 24.6313 19.2816 33.0393 21.13 20.2469 35.1014
threshold=55.416666666666679 0.69811611675713348 0.0060948807865117511 4.2760165883562005 1.0000000180025095e-35 0.44157800583738943 -1.3190929599440837 78.750000000000014 0.76757233454843965 2.6113877459970545 12.083333333333334 4.6668932252698996 16.500000000000004 29.897550660119879
decision_type=2 2 2 2 2 2 2 2 2 2 2 2 2 2
left_child=1 5 3 4 -2 -1 -5 8 -8 10 11 -3 -11 -14
right_child=2 9 -4 6 -6 -7 7 -9 -10 12 -12 -13 13 -15
leaf_value=0.12314928721530337 0.12147816112639297 -0.034340246783496592 0.10143359975429711 -0.0067545785696381672 0.036501390517869187 0.034018862160932528 0.077553010940475231 0.0074479621619754494 -0.026079326928802063 -0.014446650849927266 0.097299107046110972 0.081541129926732986 0.089230696108083041 -0.029462714242204854
leaf_weight=11.741450712084768 26.128746688365936 13.424198627471926 33.714833900332451 19.511104181408882 17.602374225854874 21.281892076134682 51.578477784991264 21.168901056051254 6.4508296549320212 64.825526982545853 15.909289732575415 5.5643662363290778 14.489950418472292 10.925562530755995
leaf_count=49 109 54 140 79 72 87 213 86 26 262 66 23 60 44
internal_value=0.0443868 0.0236793 0.0629792 0.0538772 0.0872738 0.0657092 0.0390815 0.0503736 0.0660327 0.0125879 0.0441487 -0.000382629 0.000382751 0.038207
internal_weight=334.318 158.162 176.155 142.44 43.7311 33.0233 98.7093 79.1982 58.0293 125.139 34.8979 18.9886 90.241 25.4155
internal_count=1370 645 725 585 181 136 404 325 239 509 143 77 366 104
is_linear=0
shrinkage=1


Tree=1
num_leaves=15
num_cat=0
split_feature=14 18 33 9 4 3 20 7 33 30 7 11 9 3
split_gain=46.624 33.6788 36.0065 31.4077 29.9489 24.9799 28.1991 23.9815 21.2109 18.7236 22.2493 21.1611 18.3281 17.6583
threshold=48.750000000000007 -1.4038075620061767 80.000000000000014 0.68272561915026386 9.4949212663065037 4.421882980022299 0.94147233999746383 0.0059966201106916002 69.500000000000014 7.5000000000000009 0.0049413355613955505 1.7010432571468475 0.76757233454843965 3.439126600167727
decision_type=2 2 2 2 2 2 2 2 2 2 2 2 2 2
left_child=3 4 5 8 -2 7 -7 12 -1 10 -5 -12 13 -3
right_child=1 2 -4 9 -6 6 -8 -9 -10 -11 11 -13 -14 -15
leaf_value=0.065682138275005825 0.077012783889740394 0.050056789329557511 -0.0596411895383826 -0.071040043525041882 -0.060304933831402945 0.068408695003432815 -0.02611023182246687 0.071308440636172532 -0.040725943081724503 -0.056873976975567953 0.019969196097500471 -0.046685015706096192 -0.077517271412690034 -0.0063746328737287611
leaf_weight=14.628870695829393 4.7883343249559429 19.034260615706444 12.361955195665358 14.891711458563803 23.253831639885902 51.487294435501099 9.3194233477115613 14.597699016332625 6.8885882794857016 51.21124030649662 36.135768890380859 17.759881854057312 6.7146995812654486 51.022632136940956
leaf_count=61 20 79 50 60 94 215 38 61 28 207 149 72 27 209
internal_value=-0.00222007 0.0137916 0.0224237 -0.0240093 -0.0368573 0.0290902 0.0539224 0.0125641 0.0316167 -0.0339838 -0.0169424 -0.00199493 0.00139424 0.00895763
internal_weight=334.096 192.58 164.538 141.516 28.0422 152.176 60.8067 91.3693 21.5175 119.999 68.7874 53.8957 76.7716 70.0569
internal_count=1370 793 679 577 114 629 253 376 89 488 281 221 315 288
is_linear=0
shrinkage=0.05


Tree=2
num_leaves=15
num_cat=0
split_feature=18 2 3 9 18 29 17 7 30 3 4 5 11 10
split_gain=32.6837 26.9317 23.4244 22.4159 20.01 32.1956 22.9968 21.046 19.8233 19.8143 19.7835 18.0046 17.9945 16.0377
threshold=-1.2574234672591895 1.6537839953514057 7.6587677900449007 0.62473292746118125 0.52326204879504357 16.500000000000004 0.38373566188481395 0.0050687464123374505 11.500000000000002 4.5632637049723774 9.228832666272174 16.267818734586765 0.42368342216802585 -0.69563849624722252
decision_type=2 2 2 2 2 2 2 2 2 2 2 2 2 2
left_child=10 2 3 -2 6 7 9 -6 -3 -5 -1 -9 -8 -4
right_child=1 8 13 4 5 -7 12 11 -10 -11 -12 -13 -14 -15
leaf_value=0.031997236974798136 0.083121935276343026 -0.065407507301077999 -0.010865429462648039 0.018451688119136615 -0.052377744857667975 0.0480740807357233 0.0053833091071274044 0.034879497185890194 0.036265740345285201 -0.040049962840110406 -0.041648968402527319 -0.063853389824816142 0.062841107325129361 0.079553631192783011
leaf_weight=10.626830935478209 9.0416845530271512 20.286542698740963 6.5729299932718304 35.168555155396461 42.897910013794899 15.641931489109991 23.325507178902626 16.386436030268673 6.2775503844022742 24.596613049507141 64.263645350933075 6.4290364682674399 32.770284026861191 19.315945789217949
leaf_count=44 38 82 27 145 174 65 96 68 26 100 261 26 137 81
internal_value=-0.00211058 0.00630971 0.0117668 0.00613983 0.00261046 -0.0163958 0.0159563 -0.0317418 -0.0413804 -0.00562492 -0.0311987 0.00705814 0.0389493 0.0565971
internal_weight=333.601 258.711 232.147 206.258 197.216 81.3553 115.861 65.7134 26.5641 59.7652 74.8905 22.8155 56.0958 25.8889
internal_count=1370 1065 957 849 811 333 478 268 108 245 305 94 233 108
is_linear=0
shrinkage=0.05


Tree=3
num_leaves=15
num_cat=0
split_feature=14 18 9 33 6 34 11 3 20 7 9 16 3 13
split_gain=40.613 28.0576 24.1231 21.06 19.1558 23.2015 16.1489 15.8547 23.209 19.317 17.4432 16.4179 15.3743 17.7046
threshold=55.416666666666679 -1.4038075620061767 0.69811611675713348 80.000000000000014 0.19287733981393052 0.62500000000000011 0.15120888160488158 4.421882980022299 1.21164547509343 0.0059966201106916002 0.76757233454843965 5.8363830682890185 3.9117905183756982 4.7725825362311207
decision_type=2 2 2 2 2 2 2 2 2 2 2 2 2 2
left_child=2 12 4 7 -1 -6 -4 9 -9 10 11 -3 -2 -14
right_child=1 3 6 -5 5 -7 -8 8 -10 -11 -12 -13 13 -15
leaf_value=0.085997284849460148 -0.078196806127986074 -0.0062728530856969019 0.032589112411710412 -0.048908961002858964 0.026892052452977974 -0.079395900503840766 -0.035587456492997958 0.060060469008992159 -0.044856403601965661 0.066923301218032458 -0.073253516612328817 0.046852051460056651 0.049138153108666233 -0.066404913658325723
leaf_weight=7.8197177648544303 11.174674600362779 43.428057178854942 9.3926988542079908 9.6204180717468244 17.877801001071933 7.2030285149812689 115.42179578542709 48.57709813117981 5.9127428084611884 14.484843149781225 6.6900835037231436 21.865667670965195 7.9437056779861432 5.6903564482927322
leaf_count=33 45 178 39 39 74 29 470 204 24 61 27 91 33 23
internal_value=-0.00200634 0.0145495 -0.0204173 0.0226668 0.0176701 -0.00363306 -0.0304569 0.0275519 0.0486758 0.0142402 0.00363917 0.0115177 -0.0347197 0.000914724
internal_weight=333.103 175.388 157.715 150.579 32.9005 25.0808 124.814 140.958 54.4898 86.4687 71.9838 65.2937 24.8087 13.6341
internal_count=1370 725 645 624 136 103 509 585 228 357 296 269 101 56
is_linear=0
shrinkage=0.05


Tree=4
num_leaves=15
num_cat=0
split_feature=14 18 3 2 8 8 2 34 1 10 3 13 14 7
split_gain=36.7387 25.4141 20.29 39.7186 29.6808 18.0605 16.5499 15.3786 24.4666 15.1263 13.9798 15.9976 13.0147 12.5077
threshold=55.416666666666679 -1.4038075620061767 7.6587677900449007 1.6537839953514057 12.083333333333334 92.916666666666671 -0.75189793196181864 0.43090000000000006 46.465748352014309 -0.7354346461367548 3.9117905183756982 4.7725825362311207 6.2500000000000009 0.0028547540023170005
decision_type=2 2 2 2 2 2 2 2 2 2 2 2 2 2
left_child=2 10 7 4 12 6 -3 8 -1 -9 -2 -12 -4 -8
right_child=1 5 3 -5 -6 -7 13 9 -10 -11 11 -13 -14 -15
leaf_value=-0.035600278332145158 -0.074699662619367377 0.063003228219491489 -0.062685788122061686 -0.073493040995270403 0.069708477187255341 -0.043972581466343336 -0.033068749952201409 0.0048738958752280242 0.029883007602209657 -0.072086283610712912 0.046727546019740641 -0.063168065333428072 0.035947341714895886 0.023481961503228278
leaf_weight=51.04440076649189 11.114369183778765 25.083688378334045 8.4044423252344114 11.386233121156691 22.081970140337944 9.8105709701776487 10.78846316039562 8.0284918993711454 19.796481713652611 31.183676585555077 7.9359953552484495 5.6829832345247269 5.5550927072763434 104.37391337752342
leaf_count=208 45 106 34 46 93 40 44 33 82 126 33 23 23 434
internal_value=-0.00190914 0.0138721 -0.019425 0.007914 0.0336321 0.0216125 0.0262004 -0.0312068 -0.017301 -0.0563291 -0.0330887 0.000869855 -0.0234355 0.0181843
internal_weight=332.271 174.79 157.481 47.4277 36.0415 150.057 140.246 110.053 70.8409 39.2122 24.7333 13.619 13.9595 115.162
internal_count=1370 725 645 196 150 624 584 449 290 159 101 56 57 478
is_linear=0
shrinkage=0.05


Tree=5
num_leaves=15
num_cat=0
split_feature=18 13 9 31 33 0 5 29 23 1 7 8 2 0
split_gain=25.4586 22.8208 18.6163 21.8293 14.6948 14.0903 21.8779 13.2788 17.4693 14.6031 12.8853 12.5625 17.3529 21.0324
threshold=-1.2574234672591895 1.6955377575298807 0.68272561915026386 0.48500000000000004 80.000000000000014 49.903250514732157 38.462632851888337 13.500000000000002 2.0578609687167897 71.177580779666073 0.0035152545392102504 14.583333333333334 -0.75189793196181864 19.28779526480648
decision_type=2 2 2 2 2 2 2 2 2 2 2 2 2 2
left_child=5 2 -2 10 11 -1 -7 8 -5 -9 -4 -3 -13 -14
right_child=1 4 3 7 -6 6 -8 9 -10 -11 -12 12 13 -15
leaf_value=-0.041781570066090332 0.025339371567399495 -0.010939914800286568 -0.042064943911813327 0.043312130960835471 -0.055169331246976566 0.039714903473825197 -0.066413271844597152 -0.063978908699482945 -0.036290007543810121 0.0066781982306599527 0.047392558085423635 0.061384696303568936 -0.013737595792083699 0.041071995421587564
leaf_weight=52.16338549554348 29.240515604615211 21.422026857733727 5.4019664525985744 10.960437774658205 6.1621215790510169 15.153343230485918 7.1461192071437827 36.411444619297981 18.569459334015846 9.1503119021654111 15.79554472863674 32.515282288193703 30.902903378009796 40.36633662879467
leaf_count=213 122 88 22 46 25 63 29 148 76 38 66 138 127 169
internal_value=-0.00181844 0.00564305 -0.00960194 -0.0202127 0.0202104 -0.0275607 0.00570491 -0.0328615 -0.00674455 -0.0497886 0.0245952 0.0239203 0.0311158 0.0173061
internal_weight=331.361 256.898 125.53 96.2892 131.369 74.4628 22.2995 75.0917 29.5299 45.5618 21.1975 125.207 103.785 71.2692
internal_count=1370 1065 518 396 547 305 92 308 122 186 88 522 434 296
is_linear=0
shrinkage=0.05


Tree=6
num_leaves=15
num_cat=0
split_feature=14 18 9 33 2 7 14 8 18 19 14 4 27 6
split_gain=31.5734 21.2807 20.6481 17.964 16.8303 19.1804 18.1026 15.5926 17.5763 22.6096 14.2457 12.2102 10.3993 10.5353
threshold=55.416666666666679 -1.4038075620061767 0.68600796394363084 80.000000000000014 -0.75189793196181864 0.0028547540023170005 76.250000000000014 46.25 -1.1951466407544389 1.3847216110395737 42.083333333333343 11.573278472653771 1.0000000180025095e-35 0.21900484677182722
decision_type=2 2 2 2 2 2 2 2 2 2 2 2 2 2
left_child=2 11 12 4 -3 6 -6 8 -4 10 -10 -2 13 -1
right_child=1 3 7 -5 5 -7 -8 -9 9 -11 -12 -13 -14 -15
leaf_value=0.059319422825966542 0.021953860868215717 0.06119080124039205 -0.049254586508349782 -0.04620756590893655 0.040251635631775112 0.024542251613542121 -0.073231521971768049 -0.058326588059528728 0.00071858381676275472 -0.054820030499855933 0.070087112754963488 -0.054080856458982932 0.065772361346722485 -0.028893336703552028
leaf_weight=4.9432308226823816 7.6939075440168407 25.623256281018257 29.648276209831238 9.5791713744401914 5.3037756085395804 98.384613335132599 10.414478063583372 28.938062265515327 47.751724094152451 16.653313502669334 8.7586891800165159 16.82968644797802 9.2477125972509384 10.735685765743254
leaf_count=21 32 110 121 39 22 411 42 118 197 68 37 69 39 44
internal_value=-0.00173134 0.0129404 -0.0180093 0.0200306 0.0245717 0.0163484 -0.0349392 -0.0259045 -0.0167788 -0.0036186 0.0114702 -0.0302261 0.023721 -0.00108172
internal_weight=330.506 173.829 156.677 149.305 139.726 114.103 15.7183 131.75 102.812 73.1637 56.5104 24.5236 24.9266 15.6789
internal_count=1370 725 645 624 585 475 64 541 423 302 234 101 104 65
is_linear=0
shrinkage=0.05


end of trees

feature_importances:
hurst=9
atr_14=8
bbw=8
atr_pct=8
dev_z_ema20=8
macd=6
bbw_pct=6
ds_continuity=5
pullback_depth=4
adx_14=3
plus_di=3
ema20_dist_atr=3
spread_atr=3
macro_risk_score=3
rsi_14=2
minus_di=2
er=2
mm=2
dev_z_ema60=2
macd_slope3=2
sentiment_risk_score=2
verdict=2
body_ratio=1
donchian_q=1
di_ratio=1
session_eu=1
ds_fake_prob=1

parameters:
[boosting: gbdt]
[objective: binary]
[metric: auc,binary_logloss]
[tree_learner: serial]
[device_type: cpu]
[data_sample_strategy: bagging]
[data: ]
[valid: ]
[num_iterations: 300]
[learning_rate: 0.05]
[num_leaves: 15]
[num_threads: 24]
[seed: 42]
[deterministic: 0]
[force_col_wise: 0]
[force_row_wise: 0]
[histogram_pool_size: -1]
[max_depth: -1]
[min_data_in_leaf: 20]
[min_sum_hessian_in_leaf: 0.001]
[bagging_fraction: 0.8]
[pos_bagging_fraction: 1]
[neg_bagging_fraction: 1]
[bagging_freq: 0]
[bagging_seed: 400]
[bagging_by_query: 0]
[feature_fraction: 0.8]
[feature_fraction_bynode: 1]
[feature_fraction_seed: 30056]
[extra_trees: 0]
[extra_seed: 12879]
[early_stopping_round: 0]
[early_stopping_min_delta: 0]
[first_metric_only: 0]
[max_delta_step: 0]
[lambda_l1: 0]
[lambda_l2: 0]
[linear_lambda: 0]
[min_gain_to_split: 0]
[drop_rate: 0.1]
[max_drop: 50]
[skip_drop: 0.5]
[xgboost_dart_mode: 0]
[uniform_drop: 0]
[drop_seed: 17869]
[top_rate: 0.2]
[other_rate: 0.1]
[min_data_per_group: 100]
[max_cat_threshold: 32]
[cat_l2: 10]
[cat_smooth: 10]
[max_cat_to_onehot: 4]
[top_k: 20]
[monotone_constraints: ]
[monotone_constraints_method: basic]
[monotone_penalty: 0]
[feature_contri: ]
[forcedsplits_filename: ]
[refit_decay_rate: 0.9]
[cegb_tradeoff: 1]
[cegb_penalty_split: 0]
[cegb_penalty_feature_lazy: ]
[cegb_penalty_feature_coupled: ]
[path_smooth: 0]
[interaction_constraints: ]
[verbosity: -1]
[saved_feature_importance_type: 0]
[use_quantized_grad: 0]
[num_grad_quant_bins: 4]
[quant_train_renew_leaf: 0]
[stochastic_rounding: 1]
[linear_tree: 0]
[max_bin: 255]
[max_bin_by_feature: ]
[min_data_in_bin: 3]
[bin_construct_sample_cnt: 200000]
[data_random_seed: 175]
[is_enable_sparse: 1]
[enable_bundle: 1]
[use_missing: 1]
[zero_as_missing: 0]
[feature_pre_filter: 1]
[pre_partition: 0]
[two_round: 0]
[header: 0]
[label_column: ]
[weight_column: ]
[group_column: ]
[ignore_column: ]
[categorical_feature: ]
[forcedbins_filename: ]
[precise_float_parser: 0]
[parser_config_file: ]
[objective_seed: 16083]
[num_class: 1]
[is_unbalance: 0]
[scale_pos_weight: 0.954351]
[sigmoid: 1]
[boost_from_average: 1]
[reg_sqrt: 0]
[alpha: 0.9]
[fair_c: 1]
[poisson_max_delta_step: 0.7]
[tweedie_variance_power: 1.5]
[lambdarank_truncation_level: 30]
[lambdarank_norm: 1]
[label_gain: ]
[lambdarank_position_bias_regularization: 0]
[eval_at: ]
[multi_error_top_k: 1]
[auc_mu_weights: ]
[num_machines: 1]
[local_listen_port: 12400]
[time_out: 120]
[machine_list_filename: ]
[machines: ]
[gpu_platform_id: -1]
[gpu_device_id: -1]
[gpu_device_id_list: ]
[gpu_use_dp: 0]
[num_gpu: 1]

end of parameters

pandas_categorical:[]
