tree
version=v4
num_class=1
num_tree_per_iteration=1
label_index=0
max_feature_idx=35
objective=binary sigmoid:1
feature_names=adx_14 rsi_14 atr_14 plus_di minus_di er bbw bbw_pct hurst mm ema20_dist_atr body_ratio pullback_depth atr_pct spread_num spread_atr donchian_q dev_z_ema20 dev_z_ema60 macd_slope3 body_wick_ratio extreme_reversal di_ratio di_net close_mom_atr trend_aligned session_eu session_us macro_risk_score sentiment_risk_score ds_fake_prob ds_sl_coeff ds_continuity verdict h1_trend_dir macd_norm
feature_infos=[0.1703570961456663:86.064360764150067] [17.928765876653003:89.594125216763302] [2.4342619115427961:73.497408622780995] [1.0865930797990164:60.322705032008876] [1.4836310662002146:49.136296040393226] [0:1] [0.0013052745511662001:0.033444712609018802] [0.83333333333333337:100] [0.46131543035694189:0.78254681976627516] [-0.99979615657929843:0.99999941508501999] [0.0018575751156005001:6.0187980815972484] [0:0.99792960662521357] [0:8.2598600519393202] [0.83333333333333337:100] [20:27] [0.27211843757170062:9.0222760046206183] [0:1] [-3.0864803394060885:3.7093502869435442] [-5.1655319726885702:5.416453567078177] [-3.7424755881766711:3.8858566474319822] [0:858.99999998126441] [-1:1] [0.090940084885337849:13.351688158525308] [-0.83328122654651626:0.86064359107624766] [-5.3658874269049299:7.3052777337022858] [0:1] [0:1] [0:1] [12:18] [3:16] [0:0.92000000000000004] [1:1.3500000000000001] [18:88] [-1:1] [-1:1] [-1.8134211068775496:2.2814605827723025]
tree_sizes=1685 1704 1718 1730 1726 1718

Tree=0
num_leaves=15
num_cat=0
split_feature=8 13 6 8 2 0 5 10 29 16 2 13 10 6
split_gain=28.6769 31.7582 33.7457 30.9783 23.4455 18.6835 18.7907 22.9643 20.6836 23.3951 18.2792 20.8386 17.1929 15.2697
threshold=0.69716721278906402 43.750000000000007 0.0060093906033251007 0.73945444891772316 4.2579839292070938 3.6266197122187234 0.40624073348175355 2.1270224131656987 4.5000000000000009 0.85339386438534992 4.500724851610566 65.416666666666671 0.11170838282047346 0.0078529830660605017
decision_type=2 2 2 2 2 2 2 2 2 2 2 2 2 2
left_child=4 -2 5 -4 -1 -3 8 -8 9 -7 -10 -12 -6 -5
right_child=1 2 3 13 12 6 7 -9 10 -11 11 -13 -14 -15
leaf_value=-0.57094522126314295 -0.57172070423440835 -0.45516326370482801 -0.5546065972823454 -0.43700823379745563 -0.59062771762906841 -0.42498583941063373 -0.4893785123764145 -0.58972407360652945 -0.5866360302539162 -0.57833815892253937 -0.5914811592059106 -0.488009902429551 -0.49267888434839902 -0.53174024882695015
leaf_weight=14.879064559936522 102.75853961706161 5.114678442478179 13.484152257442473 17.901374548673633 4.8821930587291709 5.3471638262271863 20.458713769912723 7.9045030474662772 59.051287472248077 4.6497076749801636 8.3694738149642962 11.624269187450407 54.401579797267914 5.5796492099761954
leaf_count=64 442 22 58 77 21 23 88 34 254 20 36 50 234 24
internal_value=-0.542281 -0.550044 -0.536077 -0.494205 -0.514829 -0.54871 -0.552786 -0.517344 -0.564075 -0.496312 -0.572645 -0.531323 -0.500745 -0.459519
internal_weight=336.406 262.244 159.485 36.9652 74.1628 122.52 117.405 28.3632 89.0419 9.99687 79.045 19.9937 59.2838 23.481
internal_count=1447 1128 686 159 319 527 505 122 383 43 340 86 255 101
is_linear=0
shrinkage=1


Tree=1
num_leaves=15
num_cat=0
split_feature=7 13 17 3 18 7 2 5 3 6 18 18 35 7
split_gain=22.5313 31.1688 30.387 24.1442 22.8702 25.9235 23.1591 41.5796 22.9701 21.5932 19.5165 15.0087 17.4293 28.442
threshold=92.916666666666671 55.416666666666679 -1.2511495549600384 11.664781668962748 -1.6104743259955703 13.750000000000002 7.831641109125834 0.27713416697519705 7.2833485601565942 0.008808100552716502 1.9923858541386137 1.7810721730852419 0.75653198518468712 53.750000000000007
decision_type=2 2 2 2 2 2 2 2 2 2 2 2 2 2
left_child=1 4 3 -3 5 8 -6 9 -1 -8 11 12 -4 -14
right_child=-2 2 10 -5 6 -7 7 -9 -10 -11 -12 -13 13 -15
leaf_value=0.076411186128557657 -0.051309060643105087 0.040305278584644173 0.045368918730624347 -0.058083657735129295 -0.035180305816626851 0.073962971473739786 0.12168943180638946 -0.041783219884697985 -0.037795608917114337 0.0035824100068291165 -0.03776745566014425 0.11563496318427413 0.045871086290510676 -0.045526891129519652
leaf_weight=5.7968655377626446 20.127762109041214 9.1368342190980929 74.744937747716904 19.635053560137749 92.089641317725182 14.674977973103521 9.1564133465290052 16.395040556788445 18.306307539343834 6.702964410185813 9.7378615438938123 5.6213527321815482 17.830648481845856 16.286857768893242
leaf_count=25 87 39 320 85 398 63 39 71 79 29 42 24 76 70
internal_value=-1.56324e-05 0.00325033 0.019462 -0.0268392 -0.0119547 0.0215702 -0.0224098 0.0140512 -0.0103286 0.0717715 0.0301861 0.0359662 0.0318523 0.00223994
internal_weight=336.244 316.116 152.994 28.7719 163.122 38.7782 124.344 32.2544 24.1032 15.8594 124.222 114.484 108.862 34.1175
internal_count=1447 1360 656 124 704 167 537 139 104 68 532 490 466 146
is_linear=0
shrinkage=0.05


Tree=2
num_leaves=15
num_cat=0
split_feature=8 26 13 7 10 8 2 2 34 2 3 7 2 23
split_gain=23.9366 35.5171 26.9769 29.2704 36.6916 28.2496 23.5405 18.9563 17.0577 16.3076 16.5124 16.109 15.9799 12.6878
threshold=0.69716721278906402 1.0000000180025095e-35 43.750000000000007 76.250000000000014 0.35421830927909626 0.73793237781494614 4.6772509851530879 3.144628622711807 1.0000000180025095e-35 5.384298830098567 16.153065049838265 65.416666666666671 3.8245555392026316 -0.16819472102097557
decision_type=2 2 2 2 2 2 2 2 2 2 2 2 2 2
left_child=1 9 13 4 -4 11 7 -5 -3 -1 -11 -6 -7 -2
right_child=2 8 3 6 5 12 -8 -9 -10 10 -12 -13 -14 -15
leaf_value=-0.033453661577231723 -0.0062621775817895244 0.087267964012915908 0.09472730476748327 0.035593810856595749 -0.034960532046638224 0.061861792164370655 0.045014271352861068 -0.06491941822413326 -0.017105332068732642 -0.031856081903652807 0.05387024563026796 0.061256960963047259 0.0095445221800986076 -0.042198374540984768
leaf_weight=21.681887790560722 41.831624045968056 23.150971621274952 13.919074580073355 5.6149221360683432 36.709664478898048 23.788939252495766 8.411028176546095 28.5015929043293 4.7111493051052085 8.3839108794927615 17.021920680999756 4.934898614883422 37.768453314900398 59.494615778326988
leaf_count=93 182 98 59 24 159 101 36 125 20 36 72 21 161 260
internal_value=-3.13305e-05 0.0248741 -0.00718397 0.00562296 0.0185238 0.00824612 -0.0299061 -0.0483769 0.0696197 -0.00160216 0.0255806 -0.0235587 0.0297626 -0.0273624
internal_weight=335.925 74.9498 260.975 159.649 117.121 103.202 42.5275 34.1165 27.8621 47.0877 25.4058 41.6446 61.5574 101.326
internal_count=1447 319 1128 686 501 442 185 149 118 201 108 180 262 442
is_linear=0
shrinkage=0.05


Tree=3
num_leaves=15
num_cat=0
split_feature=34 8 13 10 7 35 22 19 7 33 18 17 17 6
split_gain=22.4464 21.6958 25.4664 27.6607 25.5113 21.3612 23.8301 18.0115 17.9625 16.2266 26.9943 26.587 27.9139 14.7217
threshold=1.0000000180025095e-35 0.70559144760502235 38.750000000000007 0.29082516363488048 19.583333333333339 -0.0026470002708519499 0.34016730912512932 1.8614417437697746 52.916666666666679 -0.84999999999999987 1.3531359525971172 0.7243755988314412 -1.2511495549600384 0.0054268362585234006
decision_type=2 2 2 2 2 2 2 2 2 2 2 2 2 2
left_child=1 5 -3 8 -5 6 -1 -7 -4 10 -6 12 -11 -2
right_child=13 2 3 4 9 7 -8 -9 -10 11 -12 -13 -14 -15
leaf_value=0.08046150593908348 -0.062085680952734458 -0.026681262201666459 0.11673173773320214 0.060096514659519484 -0.063734655143934366 0.069607596797313917 -0.015284589812138594 -0.031427313397776623 0.020197545016405263 -0.028085440458111358 0.062173665647335723 -0.040669749685474793 0.048325469226494271 -0.00053399981379499597
leaf_weight=8.0312027782201749 22.420235395431519 76.459528937935829 8.9231463074684161 15.559047192335127 23.293282508850101 31.19244259595871 34.055804073810577 5.1376443505287162 10.476697087287901 17.92966328561306 5.2089669704437247 23.746319189667702 35.851664438843727 17.141796737909317
leaf_count=34 98 336 37 66 103 131 146 22 45 78 22 103 152 74
internal_value=-4.46025e-05 0.00468513 -0.00344576 0.00915507 0.000308786 0.0272318 0.00298604 0.0553197 0.0645994 -0.00846459 -0.0407241 0.00339529 0.0228515 -0.035416
internal_weight=335.427 295.865 217.448 140.989 121.589 78.4171 42.087 36.3301 19.3998 106.03 28.5022 77.5276 53.7813 39.562
internal_count=1447 1275 942 606 524 333 180 153 82 458 125 333 230 172
is_linear=0
shrinkage=0.05


Tree=4
num_leaves=15
num_cat=0
split_feature=34 8 26 13 10 7 0 12 2 29 13 7 16 34
split_gain=20.4545 19.4767 32.4282 23.1247 24.6406 22.7686 18.3289 20.7946 16.69 16.4892 16.484 15.734 15.1374 14.6951
threshold=1.0000000180025095e-35 0.70559144760502235 1.0000000180025095e-35 38.750000000000007 0.29082516363488048 19.583333333333339 34.627569920152773 3.7020697018521074 4.1735950461112807 6.5000000000000009 67.916666666666671 52.916666666666679 0.82408474718111058 -1.0000000180025095e-35
decision_type=2 2 2 2 2 2 2 2 2 2 2 2 2 2
left_child=1 2 8 -3 11 -6 7 13 -1 10 -8 -5 -4 -7
right_child=-2 3 12 4 5 6 9 -9 -10 -11 -12 -13 -14 -15
leaf_value=-0.054131031285262789 -0.034021840156321467 -0.025559423935235911 0.040173475578993652 0.10890596182251125 0.056328940318216864 -0.046775751428473428 -0.076803666168819174 0.078910291501472191 0.016324113943117481 -0.051803315358253124 0.01769063228090877 0.019089264996794711 0.11481413680420993 0.021788423294628465
leaf_weight=10.733317464590071 39.142848759889603 75.840737298130989 18.618181794881824 9.0816295892000216 15.764154300093649 12.060354262590407 5.6678578108549145 10.222546234726904 38.759535551071167 30.593548744916916 24.850251466035843 10.529303938150404 10.694464325904844 22.199521780014038
leaf_count=47 172 336 78 37 66 54 25 43 164 136 106 45 44 94
internal_value=-5.65032e-05 0.00444089 0.0257284 -0.00329665 0.00868062 0.000277359 -0.00809059 0.0163261 0.00104479 -0.0258632 0.000141044 0.0606825 0.0674055 -0.00234792
internal_weight=334.758 295.615 78.8055 216.81 140.969 121.358 105.594 44.4824 49.4929 61.1117 30.5181 19.6109 29.3126 34.2599
internal_count=1447 1275 333 942 606 524 458 191 211 267 131 82 122 148
is_linear=0
shrinkage=0.05


Tree=5
num_leaves=15
num_cat=0
split_feature=34 8 26 8 13 17 17 0 2 33 28 2 3 2
split_gain=18.629 17.5113 28.8146 21.2104 20.4003 31.9926 15.6975 17.2076 15.2472 16.5164 14.5504 16.8773 13.4758 13.318
threshold=1.0000000180025095e-35 0.70559144760502235 1.0000000180025095e-35 0.73602803856421051 7.916666666666667 0.55429137233319292 -1.1043379317978592 16.771189953819288 4.1735950461112807 0.62500000000000011 16.500000000000004 3.8592301169559184 33.314653421258519 3.444396280745865
decision_type=2 2 2 2 2 2 2 2 2 2 2 2 2 2
left_child=1 2 8 13 -5 6 -6 -8 -1 -10 -7 -12 -2 -3
right_child=12 3 -4 4 5 10 7 -9 9 -11 11 -13 -14 -15
leaf_value=-0.052301494837833119 -0.043618828400455924 0.047494398378732837 0.063343978172597043 -0.045578966092586048 -0.0019626220970095335 -0.033180070224424277 0.0035189081364191688 0.066530007029190916 0.035304252648235147 -0.038012927163594716 0.098556056195502256 -0.033780469857739456 0.04669960627195098 -0.029017326029215584
leaf_weight=10.557828530669211 34.043922170996666 6.150862142443656 29.622210621833801 15.158374607563017 20.162692427635193 34.275540485978127 14.817327857017515 40.313934072852135 28.366334766149521 10.534066632390021 5.1186170130968076 4.5516590625047684 4.7001015096902838 75.500948250293732
leaf_count=47 152 26 122 68 88 150 64 170 119 45 21 20 20 335
internal_value=-6.51329e-05 0.00421413 0.0243451 -0.00315438 0.00905668 0.0160022 0.0357885 0.0495949 0.000987325 0.0154503 -0.0178982 0.0362672 -0.0326621 -0.0232537
internal_weight=333.874 295.13 79.0804 216.05 134.398 119.24 75.294 55.1313 49.4582 38.9004 43.9458 9.67028 38.744 81.6518
internal_count=1447 1275 333 942 581 513 322 234 211 164 191 41 172 361
is_linear=0
shrinkage=0.05


end of trees

feature_importances:
atr_14=11
bbw_pct=9
hurst=8
atr_pct=8
ema20_dist_atr=5
dev_z_ema20=5
h1_trend_dir=5
plus_di=4
bbw=4
dev_z_ema60=4
adx_14=3
session_eu=3
er=2
donchian_q=2
sentiment_risk_score=2
verdict=2
macd_norm=2
pullback_depth=1
macd_slope3=1
di_ratio=1
di_net=1
macro_risk_score=1

parameters:
[boosting: gbdt]
[objective: binary]
[metric: auc,binary_logloss]
[tree_learner: serial]
[device_type: cpu]
[data_sample_strategy: bagging]
[data: ]
[valid: ]
[num_iterations: 200]
[learning_rate: 0.05]
[num_leaves: 15]
[num_threads: 24]
[seed: 42]
[deterministic: 0]
[force_col_wise: 0]
[force_row_wise: 0]
[histogram_pool_size: -1]
[max_depth: -1]
[min_data_in_leaf: 20]
[min_sum_hessian_in_leaf: 0.001]
[bagging_fraction: 0.8]
[pos_bagging_fraction: 1]
[neg_bagging_fraction: 1]
[bagging_freq: 0]
[bagging_seed: 400]
[bagging_by_query: 0]
[feature_fraction: 0.8]
[feature_fraction_bynode: 1]
[feature_fraction_seed: 30056]
[extra_trees: 0]
[extra_seed: 12879]
[early_stopping_round: 0]
[early_stopping_min_delta: 0]
[first_metric_only: 0]
[max_delta_step: 0]
[lambda_l1: 0]
[lambda_l2: 0]
[linear_lambda: 0]
[min_gain_to_split: 0]
[drop_rate: 0.1]
[max_drop: 50]
[skip_drop: 0.5]
[xgboost_dart_mode: 0]
[uniform_drop: 0]
[drop_seed: 17869]
[top_rate: 0.2]
[other_rate: 0.1]
[min_data_per_group: 100]
[max_cat_threshold: 32]
[cat_l2: 10]
[cat_smooth: 10]
[max_cat_to_onehot: 4]
[top_k: 20]
[monotone_constraints: ]
[monotone_constraints_method: basic]
[monotone_penalty: 0]
[feature_contri: ]
[forcedsplits_filename: ]
[refit_decay_rate: 0.9]
[cegb_tradeoff: 1]
[cegb_penalty_split: 0]
[cegb_penalty_feature_lazy: ]
[cegb_penalty_feature_coupled: ]
[path_smooth: 0]
[interaction_constraints: ]
[verbosity: -1]
[saved_feature_importance_type: 0]
[use_quantized_grad: 0]
[num_grad_quant_bins: 4]
[quant_train_renew_leaf: 0]
[stochastic_rounding: 1]
[linear_tree: 0]
[max_bin: 255]
[max_bin_by_feature: ]
[min_data_in_bin: 3]
[bin_construct_sample_cnt: 200000]
[data_random_seed: 175]
[is_enable_sparse: 1]
[enable_bundle: 1]
[use_missing: 1]
[zero_as_missing: 0]
[feature_pre_filter: 1]
[pre_partition: 0]
[two_round: 0]
[header: 0]
[label_column: ]
[weight_column: ]
[group_column: ]
[ignore_column: ]
[categorical_feature: ]
[forcedbins_filename: ]
[precise_float_parser: 0]
[parser_config_file: ]
[objective_seed: 16083]
[num_class: 1]
[is_unbalance: 0]
[scale_pos_weight: 1]
[sigmoid: 1]
[boost_from_average: 1]
[reg_sqrt: 0]
[alpha: 0.9]
[fair_c: 1]
[poisson_max_delta_step: 0.7]
[tweedie_variance_power: 1.5]
[lambdarank_truncation_level: 30]
[lambdarank_norm: 1]
[label_gain: ]
[lambdarank_position_bias_regularization: 0]
[eval_at: ]
[multi_error_top_k: 1]
[auc_mu_weights: ]
[num_machines: 1]
[local_listen_port: 12400]
[time_out: 120]
[machine_list_filename: ]
[machines: ]
[gpu_platform_id: -1]
[gpu_device_id: -1]
[gpu_device_id_list: ]
[gpu_use_dp: 0]
[num_gpu: 1]

end of parameters

pandas_categorical:[]
