tree
version=v4
num_class=1
num_tree_per_iteration=1
label_index=0
max_feature_idx=38
objective=binary sigmoid:1
feature_names=adx_14 rsi_14 macd atr_14 plus_di minus_di er bbw bbw_pct hurst mm ema20_dist_atr body_ratio pullback_depth atr_pct spread_num spread_atr donchian_q dev_z_ema20 dev_z_ema60 dev_z_ema200 macd_slope3 body_wick_ratio extreme_reversal di_ratio di_net close_mom_atr trend_aligned session_eu session_us event_proximity_min macro_risk_score sentiment_risk_score ds_fake_prob ds_sl_coeff ds_continuity r_dist_atr sl_mult_used entry_atr_ratio
feature_infos=[10.91:58.5] [20.219999999999999:91.400000000000006] [-7.8042999999999996:20.5047] [2.6600000000000001:23.079999999999998] [0.43487002658243479:59.768767397086776] [0.060115136098921801:36.914963634629288] [0.0013026487190510999:0.98276710979811144] [0.0012961502820016001:0.029553898423438901] [0.83333333333333337:100] [0.4616808695420403:0.77930717997468368] [-0.99645841955508918:0.99999936755882035] [0.0004699808036481:5.9756021997292006] [0.00032324103006350002:0.97644927536230097] [0.00085301178380650005:8.6897326551747796] [0.83333333333333337:100] none [0.090065348119522895:7.2748697320004139] [0.012924071082379199:0.99929212936335965] [-2.6152657422836691:3.7092199478015422] [-3.7711398979752042:5.4175372369156856] [-2.2464121242017989:4.4632198036020014] [-3.1793250659844028:3.4856434051133878] [0.024118738404471401:3092.6666666460314] [-1:1] [0.14619543741951851:13.497469419996161] [-0.7449030039273522:0.86204595552823104] [-0.31876977309910676:0.29573690568894806] none [0:1] [0:1] [1984.9906870833331:26204.606409399999] [12:18] [3:15] [0:0.81999999999999995] [1:1.25] [45:88] [1.0425:2.5] [1.0425:2.5] [-90.521874966719594:28.323496229954007]
tree_sizes=1058 973 967 962 860 865 963 1072 868 1382 1082 1189 1079 1184 1192 1184

Tree=0
num_leaves=9
num_cat=0
split_feature=16 4 4 14 9 0 14 6
split_gain=118.764 21.3128 36.7272 22.9308 32.9322 17.2971 14.6623 3.55271e-15
threshold=0.23862895651192367 17.071352535323665 32.190441859806235 82.916666666666686 0.7533674295734456 27.335000000000004 53.750000000000007 0.26423274759265775
decision_type=2 2 2 2 2 2 2 2
left_child=7 6 3 4 5 -3 -2 -1
right_child=1 2 -4 -5 -6 -7 -8 -9
leaf_value=-1.0313769696322816 -0.88617264777317728 -0.90946722189657192 -0.82666895792329753 -1.0313769696322816 -0.80095492489986664 -1.0313769696322816 -0.80056228473517788 -1.0313769696322816
leaf_weight=7.0004627108573905 8.1123011112213153 8.5888031721115166 12.147862195968626 4.8003172874450675 5.1121028065681449 4.4002908468246451 13.042039036750792 8.0005288124084455
leaf_count=35 26 30 30 24 11 22 28 40
internal_value=-0.906385 -0.873024 -0.896945 -0.934222 -0.908457 -0.950766 -0.833392 -1.03138
internal_weight=71.2047 56.2037 35.0494 22.9015 18.1012 12.9891 21.1543 15.001
internal_count=246 171 117 87 63 52 54 75
is_linear=0
shrinkage=1


Tree=1
num_leaves=8
num_cat=0
split_feature=16 38 12 7 0 33 0
split_gain=103.783 17.2481 27.5098 13.9301 11.7941 8.49961 3.55271e-15
threshold=0.23862895651192367 -50.477431925668263 0.36242317083448411 0.0050695779391157015 25.660000000000004 0.65000000000000013 36.615000000000009
decision_type=2 2 2 2 2 2 2
left_child=6 -2 5 -4 -5 -3 -1
right_child=1 2 3 4 -6 -7 -8
leaf_value=-0.067825786600514609 0.12909388207917957 0.038729317270133901 0.043375721732227875 0.056060006657582429 0.13816359816364385 -0.044659736718025679 -0.067825786600514595
leaf_weight=7.9435175955295545 14.35928453505039 7.1750527173280698 10.355289712548258 6.1812138408422497 14.960584372282026 5.3226109445095062 6.5873072743415833
leaf_count=41 33 25 36 20 32 25 34
internal_value=0.0517392 0.0815123 0.0659823 0.0908876 0.114159 0.00321488 -0.0678258
internal_weight=72.8849 58.354 43.9948 31.4971 21.1418 12.4977 14.5308
internal_count=246 171 138 88 52 50 75
is_linear=0
shrinkage=0.05


Tree=2
num_leaves=8
num_cat=0
split_feature=16 4 4 9 18 7 38
split_gain=91.4819 15.7662 27.8904 15.6669 11.8694 11.71 7.10543e-15
threshold=0.23862895651192367 17.071352535323665 30.076828107838789 0.74885060347270904 1.0633919789091093 0.0054359023125824506 -1.5160037875914087
decision_type=2 2 2 2 2 2 2
left_child=6 5 3 4 -3 -2 -1
right_child=1 2 -4 -5 -6 -7 -8
leaf_value=-0.066656826345910636 0.14123217398285723 -0.05351457711055263 0.10965127962787749 0.065848657004621489 0.048687444828751064 0.069924902267523417 -0.066656826345910636
leaf_weight=9.1847874671220762 12.149279907345774 8.0310383439064044 14.263638898730276 10.383131563663481 4.3958206921815863 10.943461447954176 4.8735606968402854
leaf_count=49 23 38 33 31 15 31 26
internal_value=0.0481779 0.0750099 0.0548094 0.0205155 -0.0173621 0.10744 -0.0666568
internal_weight=74.2247 60.1664 37.0736 22.81 12.4269 23.0927 14.0583
internal_count=246 171 117 84 53 54 75
is_linear=0
shrinkage=0.05


Tree=3
num_leaves=8
num_cat=0
split_feature=16 11 20 14 4 2 36
split_gain=81.2015 13.7637 19.0777 19.0728 18.1285 9.22939 5.3496
threshold=0.23862895651192367 1.6317972850737394 0.63647128725167257 48.750000000000007 28.465142645056165 2.7937000000000007 1.5900000000000001
decision_type=2 2 2 2 2 2 2
left_child=-1 2 3 -2 5 -4 -3
right_child=1 6 4 -5 -6 -7 -8
leaf_value=-0.065582734608321078 0.028474891888810062 0.075504206955096076 0.029726734371785475 0.12320341149643002 0.094188080959983433 -0.05208439255313544 0.12684212528533026
leaf_weight=13.586132973432539 8.9636437892913836 9.4606505781412142 6.4760641753673571 13.049214944243429 5.3995053321123114 7.3713085055351257 10.944925367832182
leaf_count=75 30 24 23 25 13 35 21
internal_value=0.0450713 0.0694506 0.0528384 0.0846299 0.0164781 -0.0138234 0.10304
internal_weight=75.2514 61.6653 41.2597 22.0129 19.2469 13.8474 20.4056
internal_count=246 171 126 55 71 58 45
is_linear=0
shrinkage=0.05


Tree=4
num_leaves=7
num_cat=0
split_feature=16 2 7 14 11 9
split_gain=72.5248 12.036 25.3376 10.0646 13.0664 7.34495
threshold=0.23862895651192367 2.6664000000000008 0.0051934713195663507 48.750000000000007 1.1431209246246941 0.73689594221754851
decision_type=2 2 2 2 2 2
left_child=-1 3 -3 4 -2 -5
right_child=1 2 -4 5 -6 -7
leaf_value=-0.064593562066139351 0.0061081171005243256 -0.036938219104085172 0.074383281056898287 0.059009653602707851 0.10033695150628877 0.11754051085868467
leaf_weight=13.116385415196417 8.2210918664932233 7.877356410026553 14.557742670178412 7.6524285525083569 6.6588368117809287 17.891591399908066
leaf_count=75 30 36 36 21 15 33
internal_value=0.0423497 0.0646649 0.0352964 0.0809643 0.048276 0.100006
internal_weight=75.9754 62.859 22.4351 40.4239 14.8799 25.544
internal_count=246 171 72 99 45 54
is_linear=0
shrinkage=0.05


Tree=5
num_leaves=7
num_cat=0
split_feature=16 4 4 10 9 7
split_gain=65.0747 10.652 19.1618 15.4108 18.0286 8.78051
threshold=0.23862895651192367 17.071352535323665 32.190441859806235 0.87924292395287973 0.74338683512077786 0.0054359023125824506
decision_type=2 2 2 2 2 2
left_child=-1 5 3 4 -3 -2
right_child=1 2 -4 -5 -6 -7
leaf_value=-0.063680714309818476 0.11380889714146709 -0.069543778082149552 0.089722338490484402 0.082794797228532918 0.03330063119793901 0.054362026756156839
leaf_weight=12.650980800390242 13.255470648407938 6.9962408393621507 14.455131307244299 6.5377447605133048 10.900733128190039 11.689175114035605
leaf_count=75 23 35 30 16 36 31
internal_value=0.0399175 0.060449 0.0440911 0.0170965 -0.00690305 0.0859518
internal_weight=76.4855 63.8345 38.8899 24.4347 17.897 24.9446
internal_count=246 171 117 87 71 54
is_linear=0
shrinkage=0.05


Tree=6
num_leaves=8
num_cat=0
split_feature=16 14 14 1 8 14 1
split_gain=58.656 10.0555 19.8777 11.4944 6.68631 2.07616 3.55271e-15
threshold=0.23862895651192367 48.750000000000007 28.750000000000004 55.170000000000009 10.41666666666667 64.583333333333357 61.540000000000013
decision_type=2 2 2 2 2 2 2
left_child=6 2 4 5 -2 -3 -1
right_child=1 3 -4 -5 -6 -7 -8
leaf_value=-0.062836677292055748 0.035702252337714367 0.11394287015671765 -0.037201834404929857 0.035302422154254803 0.09366942006225748 0.08328286970164904 -0.062836677292055748
leaf_weight=8.6153325587511045 12.327317222952848 8.590808257460596 7.2350174486637107 12.613467663526533 8.3403791934251768 15.45426522195339 3.5761757791042319
leaf_count=53 35 15 31 39 19 32 22
internal_value=0.0377491 0.0567433 0.0341256 0.0739588 0.0590947 0.0942371 -0.0628367
internal_weight=76.7528 64.5613 27.9027 36.6585 20.6677 24.0451 12.1915
internal_count=246 171 85 86 54 47 75
is_linear=0
shrinkage=0.05


Tree=7
num_leaves=9
num_cat=0
split_feature=16 12 14 7 4 0 11 0
split_gain=52.9721 10.1949 15.1907 8.85175 6.56808 9.19478 9.93609 3.55271e-15
threshold=0.23862895651192367 0.32610616175386525 50.416666666666671 0.0041190707156453501 14.171260776961731 38.480000000000011 1.7538973344414195 38.660000000000004
decision_type=2 2 2 2 2 2 2 2
left_child=7 2 -2 -3 -5 6 -6 -1
right_child=1 3 -4 4 5 -7 -8 -9
leaf_value=-0.062054881922394313 -0.036875232611064589 0.027482205549158902 0.061476869003062179 0.11013513006640224 0.0058336266233746008 0.099896348945040181 0.085128275659508784 -0.062054881922394292
leaf_weight=7.8262023627758008 6.9612450450658789 12.129626452922819 9.0041687637567502 10.515814751386641 9.2301339656114632 10.494709849357603 6.9069097191095343 3.9131011813879013
leaf_count=50 29 38 23 17 31 19 14 25
internal_value=0.0357237 0.0533173 0.0185934 0.0645676 0.076677 0.0634657 0.039773 -0.0620549
internal_weight=76.9819 65.2426 15.9654 49.2772 37.1476 26.6318 16.137 11.7393
internal_count=246 171 52 119 81 64 45 75
is_linear=0
shrinkage=0.05


Tree=8
num_leaves=7
num_cat=0
split_feature=16 12 14 4 24 10
split_gain=48.0239 9.00887 13.6064 7.86313 13.4333 7.55767
threshold=0.23862895651192367 0.32610616175386525 50.416666666666671 18.354995438443627 1.9060127900947821 0.24029916808157714
decision_type=2 2 2 2 2 2
left_child=-1 2 -2 -3 5 -5
right_child=1 3 -4 4 -6 -7
leaf_value=-0.061329556090717142 -0.035506979993081764 0.084981125804534929 0.057676724760452283 -0.033160428727835048 0.073246369453208213 0.04441828914378626
leaf_weight=11.295475065708159 6.8703675717115393 20.033465817570686 9.114552438259123 6.3547522425651568 17.124774098396301 6.2045330405235291
leaf_count=75 29 38 23 27 37 17
internal_value=0.0339057 0.0502784 0.0176261 0.0607766 0.0444412 0.00516498
internal_weight=76.9979 65.7024 15.9849 49.7175 29.6841 12.5593
internal_count=246 171 52 119 81 44
is_linear=0
shrinkage=0.05


Tree=9
num_leaves=12
num_cat=0
split_feature=12 3 17 34 9 6 30 8 13 4 4
split_gain=40.9111 24.2978 8.54691 10.7677 7.39631 7.72013 8.88223 1.50928 0.125169 0.00790427 1.77636e-15
threshold=0.21528601079286067 3.7900000000000005 0.85640966164160237 1.175 0.75074679299998193 0.39237372534706799 15702.130896625002 73.750000000000014 0.68300363052738577 0.91003643811330026 0.70503446465385178
decision_type=2 2 2 2 2 2 2 2 2 2 2
left_child=1 -1 4 -4 5 6 -2 8 9 10 -3
right_child=2 7 3 -5 -6 -7 -8 -9 -10 -11 -12
leaf_value=0.070124764538039203 0.071911656717445593 -0.060655597609516602 0.063809774599930008 -0.024719755070271646 0.095702749570030832 0.083619871545644806 -0.00058433510946463046 -0.027069641190998285 -0.072471364554800993 -0.063818730626382672 -0.060655597609516644
leaf_weight=4.8881806135177639 7.3437473773956361 2.8962498903274554 6.9875278174877149 6.7551243156194687 13.812564492225645 11.109274834394453 9.949058994650839 3.2931238412857047 3.9269491285085669 2.9967700839042664 2.8962498903274536
leaf_count=11 16 20 17 25 24 21 35 19 19 19 20
internal_value=0.0322489 -0.0274458 0.0545422 0.0202936 0.0656915 0.0510964 0.0302026 -0.0572374 -0.0650499 -0.0617341 -0.0606556
internal_weight=76.8548 20.8975 55.9573 13.7427 42.2146 28.4021 17.2928 16.0093 12.7162 8.78927 5.7925
internal_count=246 108 138 42 96 72 51 97 78 59 40
is_linear=0
shrinkage=0.05


Tree=10
num_leaves=9
num_cat=0
split_feature=16 2 7 32 4 10 7 24
split_gain=40.1945 8.14264 18.2565 7.75229 8.62768 4.78654 5.36538e-05 8.59215e-06
threshold=0.23862895651192367 2.6664000000000008 0.0051934713195663507 4.5000000000000009 17.071352535323665 -0.69973714300028511 0.0045201996657427005 2.3892860569225403
decision_type=2 2 2 2 2 2 2 2
left_child=6 3 -3 -2 5 -5 -1 -8
right_child=1 2 -4 4 -6 -7 7 -9
leaf_value=-0.060320605505473517 0.097462018626233105 -0.039810152165927377 0.053283989178572813 0.085297077357931891 0.008387183380391329 0.039422235609784494 -0.060130686953149229 -0.060022734228405983
leaf_weight=2.8361651599407178 9.6882095932960492 8.0045398771762866 15.395424544811247 12.071341767907137 10.207613945007322 10.749538525938993 3.0799544900655746 4.5902705490589142
leaf_count=20 17 36 36 21 34 27 22 33
internal_value=0.0307105 0.0451465 0.0214388 0.0581334 0.0465972 0.0636882 -0.0601348 -0.0600661
internal_weight=76.6231 66.1167 23.4 42.7167 33.0285 22.8209 10.5064 7.67023
internal_count=246 171 72 99 82 48 75 55
is_linear=0
shrinkage=0.05


Tree=11
num_leaves=10
num_cat=0
split_feature=16 38 12 9 9 17 22 7 24
split_gain=36.7105 7.53542 13.1408 6.68427 14.2255 2.96908 2.89371 4.47455e-05 7.19462e-06
threshold=0.23862895651192367 -50.477431925668263 0.36242317083448411 0.73689594221754851 0.70122650596363523 0.86936936936935927 0.90154127481672208 0.0045201996657427005 2.3892860569225403
decision_type=2 2 2 2 2 2 2 2 2
left_child=7 -2 5 4 -4 -3 -5 -1 -9
right_child=1 2 3 6 -6 -7 -8 8 -10
leaf_value=-0.059716483926931546 0.071779235499573574 -0.02818152598626161 0.066587846488257399 0.085593390599637414 -0.037077960170312417 0.020379931661684239 0.049565897396362087 -0.059539645107652889 -0.059438844732713172
leaf_weight=2.724442705512045 16.785950884222984 8.1788878440856916 7.4707041382789594 9.8418126404285449 5.9409528821706772 5.1167452782392493 12.851184129714964 2.9580874592065811 4.4082032740116119
leaf_count=20 33 33 16 17 24 17 31 22 33
internal_value=0.0292931 0.042837 0.0330026 0.0486517 0.0206671 -0.00949294 0.0651908 -0.0595434 -0.0594793
internal_weight=76.277 66.1862 49.4003 36.1047 13.4117 13.2956 22.693 10.0907 7.36629
internal_count=246 171 138 88 40 50 48 75 55
is_linear=0
shrinkage=0.05


Tree=12
num_leaves=9
num_cat=0
split_feature=16 2 4 24 4 14 8 24
split_gain=33.5934 7.15405 21.469 6.41978 9.88843 6.96976 3.76495e-05 6.49079e-06
threshold=0.23862895651192367 2.8699500000000007 28.465142645056165 1.6209593050081563 19.344291452233865 48.750000000000007 67.916666666666671 2.3892860569225403
decision_type=2 2 2 2 2 2 2 2
left_child=6 3 -3 4 5 -2 7 -1
right_child=1 2 -4 -5 -6 -7 -8 -9
leaf_value=-0.058992537722162321 0.021371197713104771 -0.053729766589176255 0.052760500056849881 0.087884601587773892 -0.0098766316379904403 0.073757121606573078 -0.059153818504947497 -0.058894009909396187
leaf_weight=2.7111695259809476 9.7332928031682986 7.1551821678876903 13.981041327118872 9.7498668134212476 7.2776198685169211 18.262643948197365 2.6157357543706894 4.3591695129871368
leaf_count=21 29 34 31 17 26 34 20 34
internal_value=0.0279752 0.0407076 0.0167107 0.0519729 0.0420466 0.0555442 -0.0589917 -0.0589318
internal_weight=75.8457 66.1596 21.1362 45.0234 35.2736 27.9959 9.68607 7.07034
internal_count=246 171 65 106 89 63 75 55
is_linear=0
shrinkage=0.05


Tree=13
num_leaves=10
num_cat=0
split_feature=16 35 0 2 11 21 2 8 25
split_gain=30.8218 6.75363 10.6795 13.7266 9.28418 8.30098 5.81218 3.15132e-05 5.45278e-06
threshold=0.23862895651192367 49.000000000000007 38.660000000000004 2.8699500000000007 1.6317972850737394 1.2015388044995146 -2.6837999999999993 67.916666666666671 0.41135545004495433
decision_type=2 2 2 2 2 2 2 2 2
left_child=7 -2 3 4 6 -5 -3 8 -1
right_child=1 2 -4 5 -6 -7 -8 -9 -10
leaf_value=-0.05847752918016879 0.074425098458185887 -0.018967613019469153 0.068277852190810728 -0.071446062259669471 0.077479022633862069 0.019108347613732066 0.036327100647396499 -0.058628059715656079 -0.058385329763332605
leaf_weight=2.6010801792144758 11.063502565026281 7.2973993718624088 14.57897564768791 5.7462040334939939 9.1262123435735685 4.5226144045591354 13.626706376671798 2.5099113881587982 4.1817797869443893
leaf_count=21 21 25 30 29 16 12 38 20 34
internal_value=0.0267756 0.0387861 0.0316038 0.0183429 0.0353971 -0.0315639 0.0170428 -0.0584767 -0.0584207
internal_weight=75.2544 65.9616 54.8981 40.3191 30.0503 10.2688 20.9241 9.29277 6.78286
internal_count=246 171 150 120 79 41 63 75 55
is_linear=0
shrinkage=0.05


Tree=14
num_leaves=10
num_cat=0
split_feature=16 38 7 0 14 32 14 7 7
split_gain=28.3044 6.22566 7.52036 9.57785 8.41741 9.58013 5.60748 2.64183e-05 4.26546e-06
threshold=0.23862895651192367 -50.477431925668263 0.0050032257131792509 22.835000000000004 60.416666666666671 6.5000000000000009 4.5833333333333339 0.0045201996657427005 0.0062359309806330008
decision_type=2 2 2 2 2 2 2 2 2
left_child=7 -2 3 -3 5 -4 -7 -1 -9
right_child=1 2 4 -5 -6 6 -8 8 -10
leaf_value=-0.058136771655351686 0.063431893511204762 0.036881102877203663 0.07046779296913129 -0.042175164750357923 0.078829187299870873 0.030591306747794946 -0.02908685974260744 -0.05791095388179035 -0.057994232061385237
leaf_weight=2.4071659147739393 16.604694083333015 7.9955644160509092 7.6774729937315014 7.3559026718139648 10.323108822107313 8.3260778635740262 7.4656026959419242 4.0101079046726227 2.4938009679317474
leaf_count=20 33 21 15 34 18 22 28 34 21
internal_value=0.025629 0.0369628 0.0280195 -0.000999981 0.0412027 0.0246523 0.00237813 -0.0579953 -0.0579429
internal_weight=74.6595 65.7484 49.1437 15.3515 33.7923 23.4692 15.7917 8.91107 6.50391
internal_count=246 171 138 55 83 65 50 75 55
is_linear=0
shrinkage=0.05


Tree=15
num_leaves=10
num_cat=0
split_feature=16 10 24 10 35 2 5 7 24
split_gain=26.0371 5.91356 10.0471 10.3095 9.17621 4.08332 2.87378 2.21796e-05 3.62328e-06
threshold=0.23862895651192367 -0.69973714300028511 1.9060127900947821 0.16328168521306183 56.500000000000007 2.8699500000000007 20.75676199749137 0.0045201996657427005 2.3892860569225403
decision_type=2 2 2 2 2 2 2 2 2
left_child=7 -2 3 4 -3 -4 -5 -1 -9
right_child=1 2 5 6 -6 -7 -8 8 -10
leaf_value=-0.057677228188561608 0.0627831548146459 0.017925805354524819 0.077415140324477549 0.012801505308892919 -0.069753953756426262 0.034506487851940056 0.056575890841649816 -0.057542302947598857 -0.057464544413050905
leaf_weight=2.3075478076934797 15.046428486704825 5.6555634737014788 9.0174135267734545 7.7925059646368009 6.3171568214893341 14.396438434720038 7.2261666059494019 2.5037890896201134 3.7298101708292961
leaf_count=20 30 16 16 24 33 36 16 22 33
internal_value=0.024561 0.0352754 0.0270641 0.00627298 -0.0283366 0.051032 0.0338634 -0.0575448 -0.0574958
internal_weight=73.9928 65.4517 50.4052 26.9914 11.9727 23.4139 15.0187 8.54115 6.2336
internal_count=246 171 141 89 49 52 40 75 55
is_linear=0
shrinkage=0.05


end of trees

feature_importances:
spread_atr=15
plus_di=14
bbw=12
atr_pct=12
adx_14=7
macd=7
hurst=7
di_ratio=7
mm=5
body_ratio=5
bbw_pct=4
ema20_dist_atr=4
entry_atr_ratio=4
rsi_14=2
er=2
donchian_q=2
sentiment_risk_score=2
ds_continuity=2
atr_14=1
minus_di=1
pullback_depth=1
dev_z_ema20=1
dev_z_ema200=1
macd_slope3=1
body_wick_ratio=1
di_net=1
event_proximity_min=1
ds_fake_prob=1
ds_sl_coeff=1
r_dist_atr=1

parameters:
[boosting: gbdt]
[objective: binary]
[metric: auc,binary_logloss]
[tree_learner: serial]
[device_type: cpu]
[data_sample_strategy: bagging]
[data: ]
[valid: ]
[num_iterations: 300]
[learning_rate: 0.05]
[num_leaves: 15]
[num_threads: 24]
[seed: 42]
[deterministic: 0]
[force_col_wise: 0]
[force_row_wise: 0]
[histogram_pool_size: -1]
[max_depth: -1]
[min_data_in_leaf: 20]
[min_sum_hessian_in_leaf: 0.001]
[bagging_fraction: 0.8]
[pos_bagging_fraction: 1]
[neg_bagging_fraction: 1]
[bagging_freq: 0]
[bagging_seed: 400]
[bagging_by_query: 0]
[feature_fraction: 0.8]
[feature_fraction_bynode: 1]
[feature_fraction_seed: 30056]
[extra_trees: 0]
[extra_seed: 12879]
[early_stopping_round: 0]
[early_stopping_min_delta: 0]
[first_metric_only: 0]
[max_delta_step: 0]
[lambda_l1: 0]
[lambda_l2: 0]
[linear_lambda: 0]
[min_gain_to_split: 0]
[drop_rate: 0.1]
[max_drop: 50]
[skip_drop: 0.5]
[xgboost_dart_mode: 0]
[uniform_drop: 0]
[drop_seed: 17869]
[top_rate: 0.2]
[other_rate: 0.1]
[min_data_per_group: 100]
[max_cat_threshold: 32]
[cat_l2: 10]
[cat_smooth: 10]
[max_cat_to_onehot: 4]
[top_k: 20]
[monotone_constraints: ]
[monotone_constraints_method: basic]
[monotone_penalty: 0]
[feature_contri: ]
[forcedsplits_filename: ]
[refit_decay_rate: 0.9]
[cegb_tradeoff: 1]
[cegb_penalty_split: 0]
[cegb_penalty_feature_lazy: ]
[cegb_penalty_feature_coupled: ]
[path_smooth: 0]
[interaction_constraints: ]
[verbosity: -1]
[saved_feature_importance_type: 0]
[use_quantized_grad: 0]
[num_grad_quant_bins: 4]
[quant_train_renew_leaf: 0]
[stochastic_rounding: 1]
[linear_tree: 0]
[max_bin: 255]
[max_bin_by_feature: ]
[min_data_in_bin: 3]
[bin_construct_sample_cnt: 200000]
[data_random_seed: 175]
[is_enable_sparse: 1]
[enable_bundle: 1]
[use_missing: 1]
[zero_as_missing: 0]
[feature_pre_filter: 1]
[pre_partition: 0]
[two_round: 0]
[header: 0]
[label_column: ]
[weight_column: ]
[group_column: ]
[ignore_column: ]
[categorical_feature: ]
[forcedbins_filename: ]
[precise_float_parser: 0]
[parser_config_file: ]
[objective_seed: 16083]
[num_class: 1]
[is_unbalance: 0]
[scale_pos_weight: 2.61765]
[sigmoid: 1]
[boost_from_average: 1]
[reg_sqrt: 0]
[alpha: 0.9]
[fair_c: 1]
[poisson_max_delta_step: 0.7]
[tweedie_variance_power: 1.5]
[lambdarank_truncation_level: 30]
[lambdarank_norm: 1]
[label_gain: ]
[lambdarank_position_bias_regularization: 0]
[eval_at: ]
[multi_error_top_k: 1]
[auc_mu_weights: ]
[num_machines: 1]
[local_listen_port: 12400]
[time_out: 120]
[machine_list_filename: ]
[machines: ]
[gpu_platform_id: -1]
[gpu_device_id: -1]
[gpu_device_id_list: ]
[gpu_use_dp: 0]
[num_gpu: 1]

end of parameters

pandas_categorical:[]
